0.04974	-17070	11770
0.05165	-16240	10960
0.05356	-15470	10210
0.05548	-14760	9531
0.05739	-14090	8905
0.0593	-13470	8330
0.06121	-12890	7801
0.06313	-12340	7313
0.06504	-11830	6863
0.06696	-11350	6447
0.06887	-10890	6062
0.07078	-10460	5705
0.07269	-10060	5375
0.07461	-9678		5068
0.07652	-9316		4783
0.07843	-8974		4518
0.08035	-8649		4272
0.08226	-8340		4042
0.08417	-8047		3827
0.08608	-7768		3627
0.088		-7503		3440
0.08991	-7251		3265
0.09183	-7010		3101
0.09374	-6781		2948
0.09565	-6562		2804
0.09756	-6353		2669
0.09947	-6153		2542
0.1014	-5962		2423
0.1033	-5780		2310
0.1052	-5605		2205
0.1071	-5438		2105
0.109		-5278		2012
0.111		-5125		1923
0.1129	-4978		1840
0.1148	-4837		1761
0.1167	-4701		1686
0.1186	-4571		1616
0.1205	-4446		1549
0.1224	-4326		1486
0.1243	-4210		1426
0.1263	-4099		1369
0.1282	-3992		1315
0.1301	-3889		1264
0.132		-3790		1215
0.1339	-3694		1169
0.1358	-3602		1125
0.1377	-3513		1083
0.1396	-3427		1043
0.1416	-3345		1005
0.1435	-3265		969.3
0.1454	-3188		934.8
0.1473	-3113		901.9
0.1492	-3041		870.5
0.1511	-2972		840.5
0.153		-2904		811.8
0.155		-2839		784.4
0.1569	-2776		758.2
0.1588	-2715		733.1
0.1607	-2656		709.1
0.1626	-2599		686.1
0.1645	-2543		664.1
0.1664	-2489		643
0.1683	-2437		622.8
0.1703	-2387		603.4
0.1722	-2338		584.8
0.1741	-2290		566.9
0.176		-2244		549.7
0.1779	-2199		533.3
0.1798	-2156		517.4
0.1817	-2113		502.2
0.1836	-2072		487.5
0.1856	-2032		473.5
0.1875	-1993		459.9
0.1894	-1956		446.8
0.1913	-1919		434.3
0.1932	-1883		422.2
0.1951	-1849		410.5
0.197		-1815		399.2
0.199		-1782		388.4
0.2009	-1750		377.9
0.2028	-1719		367.8
0.2047	-1688		358.1
0.2066	-1659		348.7
0.2085	-1630		339.6
0.2104	-1602		330.9
0.2123	-1574		322.4
0.2143	-1548		314.2
0.2162	-1521		306.3
0.2181	-1496		298.6
0.22		-1471		291.2
0.2219	-1447		284
0.2238	-1423		277.1
0.2257	-1400		270.4
0.2276	-1378		263.9
0.2296	-1356		257.6
0.2315	-1334		251.5
0.2334	-1313		245.6
0.2353	-1293		239.9
0.2372	-1273		234.3
0.2391	-1253		228.9
0.241		-1234		223.7
0.2429	-1215		218.6
0.2449	-1197		213.7
0.2468	-1179		208.9
0.2487	-1162		204.3
0.2506	-1144		199.8
0.2525	-1128		195.5
0.2544	-1111		191.2
0.2563	-1095		187.1
0.2583	-1079		183.1
0.2602	-1064		179.2
0.2621	-1049		175.4
0.264		-1034		171.7
0.2659	-1020		168.2
0.2678	-1006		164.7
0.2697	-991.8	161.3
0.2716	-978.2	158
0.2736	-964.9	154.8
0.2755	-951.9	151.7
0.2774	-939.1	148.7
0.2793	-926.5	145.7
0.2812	-914.2	142.8
0.2831	-902.2	140
0.285		-890.3	137.3
0.2869	-878.7	134.6
0.2889	-867.4	132
0.2908	-856.2	129.5
0.2927	-845.2	127.1
0.2946	-834.5	124.7
0.2965	-824		122.3
0.2984	-813.6	120
0.3003	-803.4	117.8
0.3023	-793.5	115.6
0.3042	-783.7	113.5
0.3061	-774.1	111.4
0.308		-764.6	109.4
0.3099	-755.3	107.4
0.3118	-746.2	105.5
0.3137	-737.3	103.6
0.3156	-728.5	101.8
0.3176	-719.8	100
0.3195	-711.3	98.27
0.3214	-703		96.56
0.3233	-694.8	94.89
0.3252	-686.7	93.25
0.3271	-678.8	91.66
0.329		-671		90.1
0.331		-663.4	88.58
0.3329	-655.8	87.08
0.3348	-648.4	85.63
0.3367	-641.2	84.2
0.3386	-634		82.81
0.3405	-626.9	81.45
0.3424	-620		80.11
0.3443	-613.2	78.81
0.3463	-606.5	77.53
0.3482	-599.9	76.28
0.3501	-593.4	75.06
0.352		-587		73.86
0.3539	-580.7	72.69
0.3558	-574.5	71.54
0.3577	-568.4	70.42
0.3596	-562.4	69.32
0.3616	-556.5	68.24
0.3635	-550.7	67.19
0.3654	-544.9	66.15
0.3673	-539.3	65.14
0.3692	-533.7	64.15
0.3711	-528.3	63.18
0.373		-522.9	62.22
0.3749	-517.5	61.29
0.3769	-512.3	60.38
0.3788	-507.2	59.48
0.3807	-502.1	58.6
0.3826	-497.1	57.74
0.3845	-492.1	56.89
0.3864	-487.3	56.06
0.3883	-482.5	55.25
0.3903	-477.8	54.45
0.3922	-473.1	53.67
0.3941	-468.5	52.9
0.396		-464		52.15
0.3979	-459.5	51.41
0.3998	-455.1	50.69
0.4017	-450.8	49.97
0.4036	-446.5	49.28
0.4056	-442.3	48.59
0.4075	-438.1	47.92
0.4094	-434		47.26
0.4113	-430		46.61
0.4132	-426		45.97
0.4151	-422.1	45.35
0.417		-418.2	44.73
0.4189	-414.4	44.13
0.4209	-410.6	43.54
0.4228	-406.8	42.96
0.4247	-403.2	42.39
0.4266	-399.5	41.82
0.4285	-395.9	41.27
0.4304	-392.4	40.73
0.4323	-388.9	40.2
0.4343	-385.5	39.68
0.4362	-382.1	39.16
0.4381	-378.7	38.66
0.44		-375.4	38.16
0.4419	-372.1	37.67
0.4438	-368.9	37.19
0.4457	-365.7	36.72
0.4476	-362.6	36.26
0.4496	-359.4	35.8
0.4515	-356.4	35.35
0.4534	-353.3	34.91
0.4553	-350.3	34.48
0.4572	-347.4	34.05
0.4591	-344.5	33.63
0.461		-341.6	33.22
0.4629	-338.7	32.81
0.4649	-335.9	32.41
0.4668	-333.1	32.02
0.4687	-330.4	31.63
0.4706	-327.7	31.25
0.4725	-325		30.88
0.4744	-322.3	30.51
0.4763	-319.7	30.15
0.4782	-317.1	29.79
0.4802	-314.5	29.44
0.4821	-312		29.09
0.484		-309.5	28.75
0.4859	-307		28.42
0.4878	-304.6	28.09
0.4897	-302.2	27.76
0.4916	-299.8	27.44
0.4935	-297.4	27.13
0.4955	-295.1	26.81
0.4974	-292.8	26.51
0.4993	-290.5	26.21
0.5012	-288.3	25.91
0.5031	-286		25.62
0.505		-283.8	25.33
0.5069	-281.7	25.05
0.5089	-279.5	24.77
0.5108	-277.4	24.49
0.5127	-275.3	24.22
0.5146	-273.2	23.96
0.5184	-269.1	23.43
0.5203	-267.1	23.18
0.5223	-265.1	22.93
0.5242	-263.1	22.68
0.5261	-261.1	22.43
0.528		-259.2	22.19
0.5299	-257.3	21.95
0.5337	-253.5	21.49
0.5356	-251.7	21.26
0.5375	-249.9	21.04
0.5395	-248.1	20.82
0.5433	-244.5	20.38
0.5452	-242.7	20.17
0.5471	-241		19.96
0.549		-239.3	19.75
0.5529	-235.9	19.35
0.5548	-234.2	19.15
0.5567	-232.6	18.96
0.5586	-230.9	18.76
0.5624	-227.7	18.39
0.5643	-226.1	18.2
0.5662	-224.6	18.02
0.5701	-221.5	17.66
0.572		-220		17.48
0.5758	-217		17.14
0.5777	-215.5	16.97
0.5796	-214		16.81
0.5835	-211.1	16.48
0.5854	-209.7	16.32
0.5892	-206.9	16
0.5911	-205.5	15.85
0.5949	-202.8	15.55
0.5969	-201.5	15.4
0.6007	-198.8	15.11
0.6026	-197.5	14.97
0.6064	-194.9	14.69
0.6083	-193.7	14.55
0.6121	-191.2	14.28
0.6141	-189.9	14.15
0.6179	-187.5	13.89
0.6199	-186		13.73
0.623		-184.4	13.56
0.6262	-182.6	13.37
0.6294	-180.8	13.18
0.6326	-179		12.99
0.6358	-177.2	12.8
0.6391	-175.4	12.62
0.6424	-173.7	12.44
0.6457	-171.9	12.26
0.6491	-170.2	12.08
0.6525	-168.4	11.9
0.656		-166.7	11.73
0.6595	-165		11.56
0.663		-163.2	11.39
0.6666	-161.5	11.22
0.6702	-159.8	11.05
0.6738	-158.1	10.89
0.6775	-156.4	10.73
0.6812	-154.8	10.57
0.685		-153.1	10.41
0.6888	-151.4	10.25
0.6926	-149.8	10.1
0.6965	-148.2	9.943
0.7005	-146.5	9.791
0.7045	-144.9	9.642
0.7085	-143.3	9.493
0.7126	-141.7	9.346
0.7167	-140.1	9.201
0.7208	-138.5	9.058
0.7251	-136.9	8.916
0.7293	-135.3	8.776
0.7336	-133.7	8.637
0.738		-132.2	8.5
0.7424	-130.6	8.364
0.7469	-129.1	8.23
0.7514	-127.6	8.098
0.756		-126		7.966
0.7606	-124.5	7.837
0.7653	-123		7.709
0.7701	-121.5	7.582
0.7749	-120		7.457
0.7798	-118.5	7.333
0.7847	-117		7.21
0.7897	-115.6	7.089
0.7948	-114.1	6.969
0.7999	-112.7	6.851
0.8051	-111.2	6.734
0.8104	-109.8	6.618
0.8157	-108.4	6.504
0.8211	-106.9	6.391
0.8266	-105.5	6.279
0.8321	-104.1	6.169
0.8377	-102.7	6.059
0.8434	-101.3	5.952
0.8492	-99.96	5.845
0.8551	-98.59	5.74
0.861		-97.23	5.636
0.867		-95.87	5.533
0.9184	-84.84	4.7
0.9253	-83.56	4.609
0.9322	-82.29	4.519
0.9393	-81.03	4.43
0.9464	-79.78	4.343
0.9537	-78.53	4.256
0.9611	-77.3		4.171
0.9686	-76.07	4.087
0.9763	-74.85	4.004
0.984		-73.57	3.915
0.9919	-72.31	3.827
0.9999	-71.05	3.741
1.008		-69.8		3.656
1.016		-68.56	3.573
1.025		-67.33	3.49
1.033		-66.11	3.41
1.042		-64.9		3.33
1.051		-63.7		3.252
1.06		-62.51	3.175
1.069		-61.33	3.099
1.078		-60.16	3.025
1.088		-58.99	2.952
1.097		-57.84	2.88
1.107		-56.7		2.809
1.117		-55.56	2.74
1.127		-54.44	2.672
1.137		-53.32	2.605
1.148		-52.22	2.54
1.159		-51.12	2.476
1.17		-50.03	2.413
1.181		-48.95	2.351
1.192		-47.88	2.291
1.204		-46.83	2.232
1.216		-45.78	2.174
1.228		-44.74	2.117
1.24		-43.71	2.062
1.252		-42.68	2.008
1.265		-41.67	1.956
1.278		-40.67	1.904
1.291		-39.68	1.854
1.305		-38.69	1.805
1.319		-37.72	1.758
1.333		-36.75	1.712
1.348		-35.8		1.667
1.362		-34.85	1.624
1.378		-33.91	1.582
1.393		-32.98	1.542
1.409		-32.06	1.502
1.425		-31.15	1.465
1.442		-30.25	1.429
1.459		-29.36	1.394
1.476		-28.47	1.361
1.494		-27.6		1.329
1.512		-26.73	1.3
1.531		-25.88	1.271
1.55		-25.03	1.245
1.569		-24.19	1.22
1.59		-23.36	1.198
1.61		-22.53	1.177
1.631		-21.72	1.158
1.653		-20.91	1.142
1.675		-20.11	1.128
1.698		-19.32	1.116
1.722		-18.54	1.106
1.746		-17.77	1.1
1.771		-17		1.096
1.797		-16.24	1.095
1.823		-15.49	1.098
1.851		-14.75	1.104
1.879		-14.01	1.114
1.907		-13.28	1.128
1.937		-12.55	1.146
1.968		-11.83	1.17
2		-11.12	1.199
2.033		-10.41	1.233
2.066		-9.706	1.274
2.101		-9.003	1.323
2.138		-8.301	1.381
2.175		-7.598	1.449
2.214		-6.891	1.531
2.254		-6.177	1.632
2.296		-5.45		1.761
2.339		-4.709	1.931
2.384		-3.959	2.166
2.431		-3.216	2.491
2.48		-2.521	2.929
2.53		-1.936	3.479
2.583		-1.524	4.094
2.638		-1.313	4.685
2.695		-1.263	5.154
2.755		-1.274	5.462
2.818		-1.257	5.651
2.883		-1.198	5.802
2.952		-1.148	5.947
3.024		-1.139	6.055
3.1		-1.148	6.083
3.179		-1.114	6.034
3.263		-1.004	5.962
3.351		-0.8306	5.93
3.444		-0.6503	5.975
3.542		-0.5248	6.086
3.647		-0.4928	6.219
3.757		-0.5587	6.319
3.874		-0.6995	6.341
3.999		-0.8733	6.251
4.133		-1.019	6.027
