        1000
0.3000000000E+03 0.2464200020E+18 0.2365899980E+05 0.9555282015E+00
0.3500000000E+03 0.2468199968E+18 0.2770600021E+05 0.9555245912E+00
0.4000000000E+03 0.2472699881E+18 0.3181500137E+05 0.9555204256E+00
0.4500000000E+03 0.2478399992E+18 0.3601100147E+05 0.9555157045E+00
0.5000000000E+03 0.2485000134E+18 0.4042010009E+05 0.9555104281E+00
0.5500000000E+03 0.2493000031E+18 0.4485906363E+05 0.9555045963E+00
0.6000000000E+03 0.2502200127E+18 0.4935266674E+05 0.9554982091E+00
0.6500000000E+03 0.2512500048E+18 0.5391749740E+05 0.9554912666E+00
0.7000000000E+03 0.2524100065E+18 0.5856156945E+05 0.9554837688E+00
0.7500000000E+03 0.2536799908E+18 0.6328607202E+05 0.9554757157E+00
0.8000000000E+03 0.2550699949E+18 0.6808795929E+05 0.9554671072E+00
0.8500000000E+03 0.2565500021E+18 0.7296206355E+05 0.9554579435E+00
0.9000000000E+03 0.2581099987E+18 0.7790235877E+05 0.9554482246E+00
0.9500000000E+03 0.2597599983E+18 0.8290244937E+05 0.9554379504E+00
0.1000000000E+04 0.2614700079E+18 0.8795578480E+05 0.9554271210E+00
0.1050000000E+04 0.2632300138E+18 0.9305569530E+05 0.9554157364E+00
0.1100000000E+04 0.2650399923E+18 0.9819572568E+05 0.9554037967E+00
0.1150000000E+04 0.2668900013E+18 0.1033699036E+06 0.9553913018E+00
0.1200000000E+04 0.2687700033E+18 0.1085729718E+06 0.9553782518E+00
0.1250000000E+04 0.2706700087E+18 0.1138002634E+06 0.9553646468E+00
0.1300000000E+04 0.2725800037E+18 0.1190473080E+06 0.9553504867E+00
0.1350000000E+04 0.2745000124E+18 0.1243095517E+06 0.9553357716E+00
0.1400000000E+04 0.2764300108E+18 0.1295822740E+06 0.9553205015E+00
0.1450000000E+04 0.2783499956E+18 0.1348613501E+06 0.9553046764E+00
0.1500000000E+04 0.2802700043E+18 0.1401438475E+06 0.9552882965E+00
0.1550000000E+04 0.2821700096E+18 0.1454280019E+06 0.9552713617E+00
0.1600000000E+04 0.2840600014E+18 0.1507125378E+06 0.9552538720E+00
0.1650000000E+04 0.2859299898E+18 0.1559953451E+06 0.9552358276E+00
0.1700000000E+04 0.2877700090E+18 0.1612730145E+06 0.9552172283E+00
0.1750000000E+04 0.2895999908E+18 0.1665420413E+06 0.9551980744E+00
0.1800000000E+04 0.2914099932E+18 0.1718002439E+06 0.9551783658E+00
0.1850000000E+04 0.2931799889E+18 0.1770475745E+06 0.9551581026E+00
0.1900000000E+04 0.2949100018E+18 0.1822852135E+06 0.9551372848E+00
0.1950000000E+04 0.2966300011E+18 0.1875134468E+06 0.9551159125E+00
0.2000000000E+04 0.2983100176E+18 0.1927305579E+06 0.9550939856E+00
0.2050000000E+04 0.2999599934E+18 0.1979333758E+06 0.9550715044E+00
0.2100000000E+04 0.3015899897E+18 0.2031193018E+06 0.9550484687E+00
0.2150000000E+04 0.3031799793E+18 0.2082875729E+06 0.9550248788E+00
0.2200000000E+04 0.3047299862E+18 0.2134389877E+06 0.9550007345E+00
0.2250000000E+04 0.3062400103E+18 0.2185746670E+06 0.9549760360E+00
0.2300000000E+04 0.3077300072E+18 0.2236947775E+06 0.9549507833E+00
0.2350000000E+04 0.3091899872E+18 0.2287986040E+06 0.9549249766E+00
0.2400000000E+04 0.3106100082E+18 0.2338853836E+06 0.9548986157E+00
0.2450000000E+04 0.3119899988E+18 0.2389548302E+06 0.9548717009E+00
0.2500000000E+04 0.3133499861E+18 0.2440073490E+06 0.9548442321E+00
0.2550000000E+04 0.3146799803E+18 0.2490431786E+06 0.9548162095E+00
0.2600000000E+04 0.3159499884E+18 0.2540624857E+06 0.9547876330E+00
0.2650000000E+04 0.3172199965E+18 0.2590649843E+06 0.9547585028E+00
0.2700000000E+04 0.3184499979E+18 0.2640504360E+06 0.9547288190E+00
0.2750000000E+04 0.3196399927E+18 0.2690186501E+06 0.9546985815E+00
0.2800000000E+04 0.3208100080E+18 0.2739695072E+06 0.9546677905E+00
0.2850000000E+04 0.3219599962E+18 0.2789027929E+06 0.9546364460E+00
0.2900000000E+04 0.3230499744E+18 0.2838185072E+06 0.9546045481E+00
0.2950000000E+04 0.3241400242E+18 0.2887170792E+06 0.9545720968E+00
0.3000000000E+04 0.3251900196E+18 0.2935997009E+06 0.9545390924E+00
0.3050000000E+04 0.3262100220E+18 0.2984679937E+06 0.9545055347E+00
0.3100000000E+04 0.3272099972E+18 0.3033232212E+06 0.9544714239E+00
0.3150000000E+04 0.3281699896E+18 0.3081655741E+06 0.9544367601E+00
0.3200000000E+04 0.3291200161E+18 0.3129945278E+06 0.9544015434E+00
0.3250000000E+04 0.3300400019E+18 0.3178089857E+06 0.9543657738E+00
0.3300000000E+04 0.3309300184E+18 0.3226085663E+06 0.9543294514E+00
0.3350000000E+04 0.3318000078E+18 0.3273935080E+06 0.9542925763E+00
0.3400000000E+04 0.3326499939E+18 0.3321645498E+06 0.9542551486E+00
0.3450000000E+04 0.3334699869E+18 0.3369226694E+06 0.9542171684E+00
0.3500000000E+04 0.3342699766E+18 0.3416686773E+06 0.9541786357E+00
0.3550000000E+04 0.3350599766E+18 0.3464030504E+06 0.9541395507E+00
0.3600000000E+04 0.3357999802E+18 0.3511263371E+06 0.9540999134E+00
0.3650000000E+04 0.3365400076E+18 0.3558386803E+06 0.9540597240E+00
0.3700000000E+04 0.3372600079E+18 0.3605401516E+06 0.9540189824E+00
0.3750000000E+04 0.3379500151E+18 0.3652310371E+06 0.9539776889E+00
0.3800000000E+04 0.3386299849E+18 0.3699120283E+06 0.9539358435E+00
0.3850000000E+04 0.3392900229E+18 0.3745844126E+06 0.9538934463E+00
0.3900000000E+04 0.3399199963E+18 0.3792500257E+06 0.9538504974E+00
0.3950000000E+04 0.3405499935E+18 0.3839101315E+06 0.9538069969E+00
0.4000000000E+04 0.3411400080E+18 0.3885650396E+06 0.9537629449E+00
0.4050000000E+04 0.3417299986E+18 0.3932143211E+06 0.9537183415E+00
0.4100000000E+04 0.3422999859E+18 0.3978570223E+06 0.9536731868E+00
0.4150000000E+04 0.3428499937E+18 0.4024928570E+06 0.9536274810E+00
0.4200000000E+04 0.3433899879E+18 0.4071220398E+06 0.9535812240E+00
0.4250000000E+04 0.3439099789E+18 0.4117453098E+06 0.9535344161E+00
0.4300000000E+04 0.3444099903E+18 0.4163633823E+06 0.9534870574E+00
0.4350000000E+04 0.3449100018E+18 0.4209767818E+06 0.9534391479E+00
0.4400000000E+04 0.3453900099E+18 0.4255854130E+06 0.9533906877E+00
0.4450000000E+04 0.3458500147E+18 0.4301895142E+06 0.9533416770E+00
0.4500000000E+04 0.3462999821E+18 0.4347895145E+06 0.9532921160E+00
0.4550000000E+04 0.3467399836E+18 0.4393867970E+06 0.9532420046E+00
0.4600000000E+04 0.3471600056E+18 0.4439830303E+06 0.9531913430E+00
0.4650000000E+04 0.3475799799E+18 0.4485796452E+06 0.9531401314E+00
0.4700000000E+04 0.3479700089E+18 0.4531768799E+06 0.9530883699E+00
0.4750000000E+04 0.3483599901E+18 0.4577739239E+06 0.9530360585E+00
0.4800000000E+04 0.3487499952E+18 0.4623689175E+06 0.9529831975E+00
0.4850000000E+04 0.3491099834E+18 0.4669606209E+06 0.9529297869E+00
0.4900000000E+04 0.3494700193E+18 0.4715486050E+06 0.9528758269E+00
0.4950000000E+04 0.3498199940E+18 0.4761341572E+06 0.9528213175E+00
0.5000000000E+04 0.3501499891E+18 0.4807198048E+06 0.9527662590E+00
0.5050000000E+04 0.3504799843E+18 0.4853080750E+06 0.9527106514E+00
0.5100000000E+04 0.3507900000E+18 0.4899005890E+06 0.9526544949E+00
0.5150000000E+04 0.3511000156E+18 0.4944968700E+06 0.9525977896E+00
0.5200000000E+04 0.3513900042E+18 0.4990947247E+06 0.9525405357E+00
0.5250000000E+04 0.3516900063E+18 0.5036918163E+06 0.9524827333E+00
0.5300000000E+04 0.3519699812E+18 0.5082869530E+06 0.9524243825E+00
0.5350000000E+04 0.3522399902E+18 0.5128811836E+06 0.9523654834E+00
0.5400000000E+04 0.3525099993E+18 0.5174764633E+06 0.9523060363E+00
0.5450000000E+04 0.3527699947E+18 0.5220749855E+06 0.9522460412E+00
0.5500000000E+04 0.3530200005E+18 0.5266777992E+06 0.9521854983E+00
0.5550000000E+04 0.3532599926E+18 0.5312847137E+06 0.9521244078E+00
0.5600000000E+04 0.3535000086E+18 0.5358950615E+06 0.9520627697E+00
0.5650000000E+04 0.3537300110E+18 0.5405083179E+06 0.9520005843E+00
0.5700000000E+04 0.3539499998E+18 0.5451242447E+06 0.9519378516E+00
0.5750000000E+04 0.3541700125E+18 0.5497430325E+06 0.9518745719E+00
0.5800000000E+04 0.3543799877E+18 0.5543647289E+06 0.9518107453E+00
0.5850000000E+04 0.3545799971E+18 0.5589891434E+06 0.9517463720E+00
0.5900000000E+04 0.3547899961E+18 0.5636155128E+06 0.9516814520E+00
0.5950000000E+04 0.3549800158E+18 0.5682431698E+06 0.9516159856E+00
0.6000000000E+04 0.3551699877E+18 0.5728718758E+06 0.9515499729E+00
0.6050000000E+04 0.3553499937E+18 0.5775026798E+06 0.9514834141E+00
0.6100000000E+04 0.3555400133E+18 0.5821376324E+06 0.9514163094E+00
0.6150000000E+04 0.3557100058E+18 0.5867784977E+06 0.9513486589E+00
0.6200000000E+04 0.3558699846E+18 0.5914254665E+06 0.9512804627E+00
0.6250000000E+04 0.3560400009E+18 0.5960775852E+06 0.9512117211E+00
0.6300000000E+04 0.3561999798E+18 0.6007335186E+06 0.9511424341E+00
0.6350000000E+04 0.3563600063E+18 0.6053930759E+06 0.9510726021E+00
0.6400000000E+04 0.3565100193E+18 0.6100561142E+06 0.9510022251E+00
0.6450000000E+04 0.3566499949E+18 0.6147221565E+06 0.9509313034E+00
0.6500000000E+04 0.3568000078E+18 0.6193893909E+06 0.9508598370E+00
0.6550000000E+04 0.3569399834E+18 0.6240566254E+06 0.9507878263E+00
0.6600000000E+04 0.3570800066E+18 0.6287250996E+06 0.9507152712E+00
0.6650000000E+04 0.3572099924E+18 0.6333979130E+06 0.9506421722E+00
0.6700000000E+04 0.3573400021E+18 0.6380787373E+06 0.9505685292E+00
0.6750000000E+04 0.3574599981E+18 0.6427685738E+06 0.9504943426E+00
0.6800000000E+04 0.3575900078E+18 0.6474650383E+06 0.9504196124E+00
0.6850000000E+04 0.3577100039E+18 0.6521642685E+06 0.9503443389E+00
0.6900000000E+04 0.3578300238E+18 0.6568641186E+06 0.9502685223E+00
0.6950000000E+04 0.3579499960E+18 0.6615645409E+06 0.9501921628E+00
0.7000000000E+04 0.3580600262E+18 0.6662671566E+06 0.9501152604E+00
0.7050000000E+04 0.3581700087E+18 0.6709730625E+06 0.9500378156E+00
0.7100000000E+04 0.3582699776E+18 0.6756823540E+06 0.9499598283E+00
0.7150000000E+04 0.3583899975E+18 0.6803953171E+06 0.9498812989E+00
0.7200000000E+04 0.3584899902E+18 0.6851133347E+06 0.9498022276E+00
0.7250000000E+04 0.3585900068E+18 0.6898376465E+06 0.9497226144E+00
0.7300000000E+04 0.3586800098E+18 0.6945674419E+06 0.9496424597E+00
0.7350000000E+04 0.3587799788E+18 0.6992988586E+06 0.9495617636E+00
0.7400000000E+04 0.3588800192E+18 0.7040273666E+06 0.9494805264E+00
0.7450000000E+04 0.3589699984E+18 0.7087513924E+06 0.9493987482E+00
0.7500000000E+04 0.3590599775E+18 0.7134747028E+06 0.9493164293E+00
0.7550000000E+04 0.3591500044E+18 0.7182047367E+06 0.9492335698E+00
0.7600000000E+04 0.3592299938E+18 0.7229490757E+06 0.9491501700E+00
0.7650000000E+04 0.3593199968E+18 0.7277108669E+06 0.9490662301E+00
0.7700000000E+04 0.3594000101E+18 0.7324871063E+06 0.9489817504E+00
0.7750000000E+04 0.3594799995E+18 0.7372690678E+06 0.9488967309E+00
0.7800000000E+04 0.3595599890E+18 0.7420466423E+06 0.9488111720E+00
0.7850000000E+04 0.3596500158E+18 0.7468126297E+06 0.9487250739E+00
0.7900000000E+04 0.3597300053E+18 0.7515665054E+06 0.9486384368E+00
0.7950000000E+04 0.3598000050E+18 0.7563142300E+06 0.9485512608E+00
0.8000000000E+04 0.3598800182E+18 0.7610638142E+06 0.9484635464E+00
0.8050000000E+04 0.3599500179E+18 0.7658202648E+06 0.9483752935E+00
0.8100000000E+04 0.3600300074E+18 0.7705830097E+06 0.9482865026E+00
0.8150000000E+04 0.3600999832E+18 0.7753468513E+06 0.9481971739E+00
0.8200000000E+04 0.3601700068E+18 0.7801068783E+06 0.9481073074E+00
0.8250000000E+04 0.3602400064E+18 0.7848630905E+06 0.9480169036E+00
0.8300000000E+04 0.3603100061E+18 0.7896217823E+06 0.9479259627E+00
0.8350000000E+04 0.3603799820E+18 0.7943927765E+06 0.9478344848E+00
0.8400000000E+04 0.3604400158E+18 0.7991831303E+06 0.9477424702E+00
0.8450000000E+04 0.3605000019E+18 0.8039918900E+06 0.9476499192E+00
0.8500000000E+04 0.3605700016E+18 0.8088088989E+06 0.9475568320E+00
0.8550000000E+04 0.3606399775E+18 0.8136207581E+06 0.9474632088E+00
0.8600000000E+04 0.3607000113E+18 0.8184171677E+06 0.9473690500E+00
0.8650000000E+04 0.3607700109E+18 0.8231980324E+06 0.9472743557E+00
0.8700000000E+04 0.3608299971E+18 0.8279718399E+06 0.9471791262E+00
0.8750000000E+04 0.3608899832E+18 0.8327502251E+06 0.9470833617E+00
0.8800000000E+04 0.3609500170E+18 0.8375397682E+06 0.9469870626E+00
0.8850000000E+04 0.3610100031E+18 0.8423388481E+06 0.9468902290E+00
0.8900000000E+04 0.3610699892E+18 0.8471408844E+06 0.9467928613E+00
0.8950000000E+04 0.3611299992E+18 0.8519402504E+06 0.9466949597E+00
0.9000000000E+04 0.3611900091E+18 0.8567359924E+06 0.9465965244E+00
0.9050000000E+04 0.3612500191E+18 0.8615302086E+06 0.9464975558E+00
0.9100000000E+04 0.3613100052E+18 0.8663249969E+06 0.9463980540E+00
0.9150000000E+04 0.3613699913E+18 0.8711196899E+06 0.9462980194E+00
0.9200000000E+04 0.3614299774E+18 0.8759133339E+06 0.9461974522E+00
0.9250000000E+04 0.3614800215E+18 0.8807065964E+06 0.9460963527E+00
0.9300000000E+04 0.3615400076E+18 0.8855003357E+06 0.9459947212E+00
0.9350000000E+04 0.3615900040E+18 0.8902949333E+06 0.9458925580E+00
0.9400000000E+04 0.3616400003E+18 0.8950890541E+06 0.9457898633E+00
0.9450000000E+04 0.3616999865E+18 0.8998821259E+06 0.9456866374E+00
0.9500000000E+04 0.3617600203E+18 0.9046753883E+06 0.9455828806E+00
0.9550000000E+04 0.3618099928E+18 0.9094728470E+06 0.9454785932E+00
0.9600000000E+04 0.3618700027E+18 0.9142755508E+06 0.9453737755E+00
0.9650000000E+04 0.3619199991E+18 0.9190807343E+06 0.9452684277E+00
0.9700000000E+04 0.3619700193E+18 0.9238825798E+06 0.9451625502E+00
0.9750000000E+04 0.3620300055E+18 0.9286759377E+06 0.9450561432E+00
0.9800000000E+04 0.3620800018E+18 0.9334614754E+06 0.9449492071E+00
0.9850000000E+04 0.3621299982E+18 0.9382439613E+06 0.9448417421E+00
0.9900000000E+04 0.3621799946E+18 0.9430288315E+06 0.9447337485E+00
0.9950000000E+04 0.3622400045E+18 0.9478196144E+06 0.9446252267E+00
0.1000000000E+05 0.3622900009E+18 0.9526153564E+06 0.9445161769E+00
0.1005000000E+05 0.3623399973E+18 0.9574136734E+06 0.9444065995E+00
0.1010000000E+05 0.3623899937E+18 0.9622105598E+06 0.9442964947E+00
0.1015000000E+05 0.3624499798E+18 0.9670022964E+06 0.9441858629E+00
0.1020000000E+05 0.3624900103E+18 0.9717855453E+06 0.9440747043E+00
0.1025000000E+05 0.3625500202E+18 0.9765596390E+06 0.9439630194E+00
0.1030000000E+05 0.3625999928E+18 0.9813280106E+06 0.9438508083E+00
0.1035000000E+05 0.3626499891E+18 0.9860967636E+06 0.9437380715E+00
0.1040000000E+05 0.3626999855E+18 0.9908712387E+06 0.9436248093E+00
0.1045000000E+05 0.3627499819E+18 0.9956516266E+06 0.9435110218E+00
0.1050000000E+05 0.3628000021E+18 0.1000432014E+07 0.9433967096E+00
0.1055000000E+05 0.3628499985E+18 0.1005205154E+07 0.9432818729E+00
0.1060000000E+05 0.3629099846E+18 0.1009966373E+07 0.9431665121E+00
0.1065000000E+05 0.3629599810E+18 0.1014716530E+07 0.9430506274E+00
0.1070000000E+05 0.3629999876E+18 0.1019461060E+07 0.9429342192E+00
0.1075000000E+05 0.3630600214E+18 0.1024206734E+07 0.9428172879E+00
0.1080000000E+05 0.3631099939E+18 0.1028957939E+07 0.9426998338E+00
0.1085000000E+05 0.3631500006E+18 0.1033715439E+07 0.9425818572E+00
0.1090000000E+05 0.3631999969E+18 0.1038476276E+07 0.9424633584E+00
0.1095000000E+05 0.3632599831E+18 0.1043236256E+07 0.9423443379E+00
0.1100000000E+05 0.3633000135E+18 0.1047990894E+07 0.9422247959E+00
0.1105000000E+05 0.3633500099E+18 0.1052735710E+07 0.9421047328E+00
0.1110000000E+05 0.3634000063E+18 0.1057467747E+07 0.9419841489E+00
0.1115000000E+05 0.3634599924E+18 0.1062188148E+07 0.9418630447E+00
0.1120000000E+05 0.3634999990E+18 0.1066905022E+07 0.9417414204E+00
0.1125000000E+05 0.3635500193E+18 0.1071630764E+07 0.9416192765E+00
0.1130000000E+05 0.3636000156E+18 0.1076372719E+07 0.9414966132E+00
0.1135000000E+05 0.3636500120E+18 0.1081124783E+07 0.9413734310E+00
0.1140000000E+05 0.3636899948E+18 0.1085869026E+07 0.9412497301E+00
0.1145000000E+05 0.3637499809E+18 0.1090586758E+07 0.9411255111E+00
0.1150000000E+05 0.3638000250E+18 0.1095272636E+07 0.9410007741E+00
0.1155000000E+05 0.3638400078E+18 0.1099937820E+07 0.9408755197E+00
0.1160000000E+05 0.3638900042E+18 0.1104601288E+07 0.9407497482E+00
0.1165000000E+05 0.3639400005E+18 0.1109278107E+07 0.9406234599E+00
0.1170000000E+05 0.3639899969E+18 0.1113972187E+07 0.9404966552E+00
0.1175000000E+05 0.3640399933E+18 0.1118677616E+07 0.9403693346E+00
0.1180000000E+05 0.3640800238E+18 0.1123386192E+07 0.9402414984E+00
0.1185000000E+05 0.3641299963E+18 0.1128091908E+07 0.9401131469E+00
0.1190000000E+05 0.3641799927E+18 0.1132791901E+07 0.9399842806E+00
0.1195000000E+05 0.3642299891E+18 0.1137485218E+07 0.9398548999E+00
0.1200000000E+05 0.3642799854E+18 0.1142169476E+07 0.9397250051E+00
0.1205000000E+05 0.3643200159E+18 0.1146839809E+07 0.9395945967E+00
0.1210000000E+05 0.3643700123E+18 0.1151488972E+07 0.9394636749E+00
0.1215000000E+05 0.3644200087E+18 0.1156112766E+07 0.9393322404E+00
0.1220000000E+05 0.3644700050E+18 0.1160715675E+07 0.9392002933E+00
0.1225000000E+05 0.3645200014E+18 0.1165314388E+07 0.9390678343E+00
0.1230000000E+05 0.3645699739E+18 0.1169929028E+07 0.9389348635E+00
0.1235000000E+05 0.3646100044E+18 0.1174571419E+07 0.9388013815E+00
0.1240000000E+05 0.3646500111E+18 0.1179234028E+07 0.9386673887E+00
0.1245000000E+05 0.3647000074E+18 0.1183894539E+07 0.9385328855E+00
0.1250000000E+05 0.3647500038E+18 0.1188531876E+07 0.9383978722E+00
0.1255000000E+05 0.3647999763E+18 0.1193140507E+07 0.9382623494E+00
0.1260000000E+05 0.3648500204E+18 0.1197731209E+07 0.9381263174E+00
0.1265000000E+05 0.3648900032E+18 0.1202321339E+07 0.9379897766E+00
0.1270000000E+05 0.3649399996E+18 0.1206921101E+07 0.9378527276E+00
0.1275000000E+05 0.3649800062E+18 0.1211530113E+07 0.9377151706E+00
0.1280000000E+05 0.3650300026E+18 0.1216141796E+07 0.9375771062E+00
0.1285000000E+05 0.3650699854E+18 0.1220747566E+07 0.9374385347E+00
0.1290000000E+05 0.3651200056E+18 0.1225340271E+07 0.9372994567E+00
0.1295000000E+05 0.3651700020E+18 0.1229916668E+07 0.9371598725E+00
0.1300000000E+05 0.3652199984E+18 0.1234477711E+07 0.9370197825E+00
0.1305000000E+05 0.3652600050E+18 0.1239029884E+07 0.9368791873E+00
0.1310000000E+05 0.3653100014E+18 0.1243580055E+07 0.9367380873E+00
0.1315000000E+05 0.3653599739E+18 0.1248128510E+07 0.9365964829E+00
0.1320000000E+05 0.3654000044E+18 0.1252669048E+07 0.9364543745E+00
0.1325000000E+05 0.3654400110E+18 0.1257193756E+07 0.9363117627E+00
0.1330000000E+05 0.3654900074E+18 0.1261701679E+07 0.9361686478E+00
0.1335000000E+05 0.3655299902E+18 0.1266204166E+07 0.9360250304E+00
0.1340000000E+05 0.3655799866E+18 0.1270718384E+07 0.9358809108E+00
0.1345000000E+05 0.3656199932E+18 0.1275255299E+07 0.9357362896E+00
0.1350000000E+05 0.3656700134E+18 0.1279809284E+07 0.9355911673E+00
0.1355000000E+05 0.3657099962E+18 0.1284357166E+07 0.9354455442E+00
0.1360000000E+05 0.3657599926E+18 0.1288872147E+07 0.9352994208E+00
0.1365000000E+05 0.3658099890E+18 0.1293340015E+07 0.9351527977E+00
0.1370000000E+05 0.3658499956E+18 0.1297771645E+07 0.9350056753E+00
0.1375000000E+05 0.3659000158E+18 0.1302196026E+07 0.9348580540E+00
0.1380000000E+05 0.3659300089E+18 0.1306642723E+07 0.9347099344E+00
0.1385000000E+05 0.3659700155E+18 0.1311123371E+07 0.9345613170E+00
0.1390000000E+05 0.3660199881E+18 0.1315624905E+07 0.9344122022E+00
0.1395000000E+05 0.3660599947E+18 0.1320120049E+07 0.9342625905E+00
0.1400000000E+05 0.3661099911E+18 0.1324585915E+07 0.9341124824E+00
0.1405000000E+05 0.3661500216E+18 0.1329016304E+07 0.9339618784E+00
0.1410000000E+05 0.3662000179E+18 0.1333422852E+07 0.9338107790E+00
0.1415000000E+05 0.3662400007E+18 0.1337823391E+07 0.9336591846E+00
0.1420000000E+05 0.3662800074E+18 0.1342232418E+07 0.9335070959E+00
0.1425000000E+05 0.3663300037E+18 0.1346653271E+07 0.9333545133E+00
0.1430000000E+05 0.3663699865E+18 0.1351079750E+07 0.9332014373E+00
0.1435000000E+05 0.3663999796E+18 0.1355501652E+07 0.9330478683E+00
0.1440000000E+05 0.3664499998E+18 0.1359905338E+07 0.9328938070E+00
0.1445000000E+05 0.3664900064E+18 0.1364279938E+07 0.9327392539E+00
0.1450000000E+05 0.3665299892E+18 0.1368624687E+07 0.9325842094E+00
0.1455000000E+05 0.3665799856E+18 0.1372950745E+07 0.9324286740E+00
0.1460000000E+05 0.3666199923E+18 0.1377280998E+07 0.9322726484E+00
0.1465000000E+05 0.3666599751E+18 0.1381632805E+07 0.9321161330E+00
0.1470000000E+05 0.3667000055E+18 0.1386003399E+07 0.9319591283E+00
0.1475000000E+05 0.3667299986E+18 0.1390373135E+07 0.9318016349E+00
0.1480000000E+05 0.3667799950E+18 0.1394722366E+07 0.9316436533E+00
0.1485000000E+05 0.3668200016E+18 0.1399051952E+07 0.9314851841E+00
0.1490000000E+05 0.3668599844E+18 0.1403384781E+07 0.9313262277E+00
0.1495000000E+05 0.3668999910E+18 0.1407740974E+07 0.9311667848E+00
0.1500000000E+05 0.3669400215E+18 0.1412116051E+07 0.9310068558E+00
0.1505000000E+05 0.3669700146E+18 0.1416477966E+07 0.9308464413E+00
0.1510000000E+05 0.3670200109E+18 0.1420790577E+07 0.9306855419E+00
0.1515000000E+05 0.3670599937E+18 0.1425040913E+07 0.9305241581E+00
0.1520000000E+05 0.3671000004E+18 0.1429248524E+07 0.9303622905E+00
0.1525000000E+05 0.3671399832E+18 0.1433448410E+07 0.9301999396E+00
0.1530000000E+05 0.3671699762E+18 0.1437669373E+07 0.9300371060E+00
0.1535000000E+05 0.3672100067E+18 0.1441920090E+07 0.9298737902E+00
0.1540000000E+05 0.3672500134E+18 0.1446192360E+07 0.9297099928E+00
0.1545000000E+05 0.3672899961E+18 0.1450472927E+07 0.9295457144E+00
0.1550000000E+05 0.3673300028E+18 0.1454751015E+07 0.9293809556E+00
0.1555000000E+05 0.3673599958E+18 0.1459017467E+07 0.9292157169E+00
0.1560000000E+05 0.3673999786E+18 0.1463261127E+07 0.9290499989E+00
0.1565000000E+05 0.3674399853E+18 0.1467467308E+07 0.9288838021E+00
0.1570000000E+05 0.3674800158E+18 0.1471626663E+07 0.9287171272E+00
0.1575000000E+05 0.3675100088E+18 0.1475747967E+07 0.9285499748E+00
0.1580000000E+05 0.3675500154E+18 0.1479862976E+07 0.9283823454E+00
0.1585000000E+05 0.3675899982E+18 0.1484010220E+07 0.9282142396E+00
0.1590000000E+05 0.3676100016E+18 0.1488210964E+07 0.9280456580E+00
0.1595000000E+05 0.3676499844E+18 0.1492449856E+07 0.9278766012E+00
0.1600000000E+05 0.3676899910E+18 0.1496684933E+07 0.9277070699E+00
0.1605000000E+05 0.3677200079E+18 0.1500880527E+07 0.9275370645E+00
0.1610000000E+05 0.3677600145E+18 0.1505032921E+07 0.9273665858E+00
0.1615000000E+05 0.3677999973E+18 0.1509167385E+07 0.9271956342E+00
0.1620000000E+05 0.3678200006E+18 0.1513311672E+07 0.9270242105E+00
0.1625000000E+05 0.3678600073E+18 0.1517466354E+07 0.9268523153E+00
0.1630000000E+05 0.3678999901E+18 0.1521607208E+07 0.9266799490E+00
0.1635000000E+05 0.3679299831E+18 0.1525710869E+07 0.9265071125E+00
0.1640000000E+05 0.3679699898E+18 0.1529774189E+07 0.9263338063E+00
0.1645000000E+05 0.3679900169E+18 0.1533819103E+07 0.9261600309E+00
0.1650000000E+05 0.3680299997E+18 0.1537873650E+07 0.9259857871E+00
0.1655000000E+05 0.3680700064E+18 0.1541951180E+07 0.9258110755E+00
0.1660000000E+05 0.3680900097E+18 0.1546049500E+07 0.9256358967E+00
0.1665000000E+05 0.3681299925E+18 0.1550153351E+07 0.9254602513E+00
0.1670000000E+05 0.3681599855E+18 0.1554243565E+07 0.9252841399E+00
0.1675000000E+05 0.3681899786E+18 0.1558305550E+07 0.9251075633E+00
0.1680000000E+05 0.3682199955E+18 0.1562332153E+07 0.9249305221E+00
0.1685000000E+05 0.3682600021E+18 0.1566330338E+07 0.9247530168E+00
0.1690000000E+05 0.3682800055E+18 0.1570322990E+07 0.9245750482E+00
0.1695000000E+05 0.3683200121E+18 0.1574333954E+07 0.9243966169E+00
0.1700000000E+05 0.3683399916E+18 0.1578372288E+07 0.9242177236E+00
0.1705000000E+05 0.3683799982E+18 0.1582420540E+07 0.9240383688E+00
0.1710000000E+05 0.3684000015E+18 0.1586445141E+07 0.9238585533E+00
0.1715000000E+05 0.3684299946E+18 0.1590423775E+07 0.9236782778E+00
0.1720000000E+05 0.3684699774E+18 0.1594364166E+07 0.9234975429E+00
0.1725000000E+05 0.3684899807E+18 0.1598300838E+07 0.9233163492E+00
0.1730000000E+05 0.3685200214E+18 0.1602266884E+07 0.9231346975E+00
0.1735000000E+05 0.3685500145E+18 0.1606266594E+07 0.9229525884E+00
0.1740000000E+05 0.3685700178E+18 0.1610274506E+07 0.9227700226E+00
0.1745000000E+05 0.3686100006E+18 0.1614258575E+07 0.9225870007E+00
0.1750000000E+05 0.3686300039E+18 0.1618206787E+07 0.9224035235E+00
0.1755000000E+05 0.3686599970E+18 0.1622133827E+07 0.9222195916E+00
0.1760000000E+05 0.3686899900E+18 0.1626058578E+07 0.9220352058E+00
0.1765000000E+05 0.3687099934E+18 0.1629983330E+07 0.9218503667E+00
0.1770000000E+05 0.3687399864E+18 0.1633888435E+07 0.9216650749E+00
0.1775000000E+05 0.3687700033E+18 0.1637755394E+07 0.9214793313E+00
0.1780000000E+05 0.3688000202E+18 0.1641590691E+07 0.9212931365E+00
0.1785000000E+05 0.3688199997E+18 0.1645426941E+07 0.9211064912E+00
0.1790000000E+05 0.3688400030E+18 0.1649299431E+07 0.9209193961E+00
0.1795000000E+05 0.3688699961E+18 0.1653216934E+07 0.9207318520E+00
0.1800000000E+05 0.3688999891E+18 0.1657148552E+07 0.9205438594E+00
0.1805000000E+05 0.3689199924E+18 0.1661043739E+07 0.9203554193E+00
0.1810000000E+05 0.3689399958E+18 0.1664866447E+07 0.9201665321E+00
0.1815000000E+05 0.3689699888E+18 0.1668620872E+07 0.9199771988E+00
0.1820000000E+05 0.3689999819E+18 0.1672354317E+07 0.9197874199E+00
0.1825000000E+05 0.3690200090E+18 0.1676129341E+07 0.9195971963E+00
0.1830000000E+05 0.3690400124E+18 0.1679978943E+07 0.9194065287E+00
0.1835000000E+05 0.3690600157E+18 0.1683881760E+07 0.9192154177E+00
0.1840000000E+05 0.3690800190E+18 0.1687775230E+07 0.9190238641E+00
0.1845000000E+05 0.3691100121E+18 0.1691594887E+07 0.9188318687E+00
0.1850000000E+05 0.3691299915E+18 0.1695318794E+07 0.9186394322E+00
0.1855000000E+05 0.3691499949E+18 0.1698976898E+07 0.9184465554E+00
0.1860000000E+05 0.3691799879E+18 0.1702624130E+07 0.9182532389E+00
0.1865000000E+05 0.3691999912E+18 0.1706306076E+07 0.9180594835E+00
0.1870000000E+05 0.3692199945E+18 0.1710037804E+07 0.9178652900E+00
0.1875000000E+05 0.3692399979E+18 0.1713808441E+07 0.9176706592E+00
0.1880000000E+05 0.3692599773E+18 0.1717598724E+07 0.9174755917E+00
0.1885000000E+05 0.3692800283E+18 0.1721393394E+07 0.9172800884E+00
0.1890000000E+05 0.3693000078E+18 0.1725184059E+07 0.9170841500E+00
0.1895000000E+05 0.3693200111E+18 0.1728967667E+07 0.9168877773E+00
0.1900000000E+05 0.3693400145E+18 0.1732742691E+07 0.9166909710E+00
0.1905000000E+05 0.3693600178E+18 0.1736509132E+07 0.9164937319E+00
0.1910000000E+05 0.3693700075E+18 0.1740266418E+07 0.9162960608E+00
0.1915000000E+05 0.3693900108E+18 0.1744008446E+07 0.9160979585E+00
0.1920000000E+05 0.3694099903E+18 0.1747719383E+07 0.9158994257E+00
0.1925000000E+05 0.3694299936E+18 0.1751376152E+07 0.9157004632E+00
0.1930000000E+05 0.3694499969E+18 0.1754962921E+07 0.9155010718E+00
0.1935000000E+05 0.3694700003E+18 0.1758492088E+07 0.9153012523E+00
0.1940000000E+05 0.3694899797E+18 0.1762006187E+07 0.9151010055E+00
0.1945000000E+05 0.3695099831E+18 0.1765556717E+07 0.9149003321E+00
0.1950000000E+05 0.3695099831E+18 0.1769171524E+07 0.9146992331E+00
0.1955000000E+05 0.3695299864E+18 0.1772835159E+07 0.9144977090E+00
0.1960000000E+05 0.3695500135E+18 0.1776505089E+07 0.9142957609E+00
0.1965000000E+05 0.3695700169E+18 0.1780148506E+07 0.9140933894E+00
0.1970000000E+05 0.3695900202E+18 0.1783758736E+07 0.9138905954E+00
0.1975000000E+05 0.3695900202E+18 0.1787350082E+07 0.9136873797E+00
0.1980000000E+05 0.3696099997E+18 0.1790934181E+07 0.9134837430E+00
0.1985000000E+05 0.3696300030E+18 0.1794509697E+07 0.9132796863E+00
0.1990000000E+05 0.3696500063E+18 0.1798071098E+07 0.9130752103E+00
0.1995000000E+05 0.3696500063E+18 0.1801622200E+07 0.9128703158E+00
0.2000000000E+05 0.3696700096E+18 0.1805170250E+07 0.9126650037E+00
0.2005000000E+05 0.3696899891E+18 0.1808714867E+07 0.9124592748E+00
0.2010000000E+05 0.3696899891E+18 0.1812242699E+07 0.9122531300E+00
0.2015000000E+05 0.3697099924E+18 0.1815738678E+07 0.9120465699E+00
0.2020000000E+05 0.3697299957E+18 0.1819203949E+07 0.9118395956E+00
0.2025000000E+05 0.3697299957E+18 0.1822668839E+07 0.9116322078E+00
0.2030000000E+05 0.3697499990E+18 0.1826173973E+07 0.9114244073E+00
0.2035000000E+05 0.3697499990E+18 0.1829743958E+07 0.9112161951E+00
0.2040000000E+05 0.3697699785E+18 0.1833359718E+07 0.9110075719E+00
0.2045000000E+05 0.3697799921E+18 0.1836961937E+07 0.9107985386E+00
0.2050000000E+05 0.3697899818E+18 0.1840482521E+07 0.9105890960E+00
0.2055000000E+05 0.3698100090E+18 0.1843889236E+07 0.9103792450E+00
0.2060000000E+05 0.3698100090E+18 0.1847213364E+07 0.9101689865E+00
0.2065000000E+05 0.3698300123E+18 0.1850532722E+07 0.9099583213E+00
0.2070000000E+05 0.3698300123E+18 0.1853924179E+07 0.9097472502E+00
0.2075000000E+05 0.3698400021E+18 0.1857418442E+07 0.9095357742E+00
0.2080000000E+05 0.3698500156E+18 0.1860980415E+07 0.9093238941E+00
0.2085000000E+05 0.3698600054E+18 0.1864539719E+07 0.9091116107E+00
0.2090000000E+05 0.3698700190E+18 0.1868032455E+07 0.9088989250E+00
0.2095000000E+05 0.3698800087E+18 0.1871438599E+07 0.9086858378E+00
0.2100000000E+05 0.3698899984E+18 0.1874782753E+07 0.9084723500E+00
0.2105000000E+05 0.3699000120E+18 0.1878108978E+07 0.9082584624E+00
0.2110000000E+05 0.3699000120E+18 0.1881450462E+07 0.9080441760E+00
0.2115000000E+05 0.3699100018E+18 0.1884811592E+07 0.9078294916E+00
0.2120000000E+05 0.3699199915E+18 0.1888176918E+07 0.9076144101E+00
0.2125000000E+05 0.3699199915E+18 0.1891534233E+07 0.9073989324E+00
0.2130000000E+05 0.3699300051E+18 0.1894882011E+07 0.9071830595E+00
0.2135000000E+05 0.3699399948E+18 0.1898226929E+07 0.9069667921E+00
0.2140000000E+05 0.3699399948E+18 0.1901570511E+07 0.9067501312E+00
0.2145000000E+05 0.3699399948E+18 0.1904904938E+07 0.9065330776E+00
0.2150000000E+05 0.3699599981E+18 0.1908230972E+07 0.9063156324E+00
0.2155000000E+05 0.3699599981E+18 0.1911566353E+07 0.9060977964E+00
0.2160000000E+05 0.3699599981E+18 0.1914930916E+07 0.9058795704E+00
0.2165000000E+05 0.3699699879E+18 0.1918316269E+07 0.9056609555E+00
0.2170000000E+05 0.3699699879E+18 0.1921678543E+07 0.9054419525E+00
0.2175000000E+05 0.3699800014E+18 0.1924961281E+07 0.9052225623E+00
0.2180000000E+05 0.3699800014E+18 0.1928142548E+07 0.9050027858E+00
0.2185000000E+05 0.3699899912E+18 0.1931256485E+07 0.9047826241E+00
0.2190000000E+05 0.3699899912E+18 0.1934368706E+07 0.9045620779E+00
0.2195000000E+05 0.3699899912E+18 0.1937535667E+07 0.9043411482E+00
0.2200000000E+05 0.3699899912E+18 0.1940775681E+07 0.9041198360E+00
0.2205000000E+05 0.3699999809E+18 0.1944071579E+07 0.9038981421E+00
0.2210000000E+05 0.3699999809E+18 0.1947395325E+07 0.9036760676E+00
0.2215000000E+05 0.3699999809E+18 0.1950725555E+07 0.9034536132E+00
0.2220000000E+05 0.3699999809E+18 0.1954051971E+07 0.9032307801E+00
0.2225000000E+05 0.3699999809E+18 0.1957372093E+07 0.9030075690E+00
0.2230000000E+05 0.3699999809E+18 0.1960685730E+07 0.9027839810E+00
0.2235000000E+05 0.3699999809E+18 0.1963991165E+07 0.9025600170E+00
0.2240000000E+05 0.3700099945E+18 0.1967278481E+07 0.9023356780E+00
0.2245000000E+05 0.3700099945E+18 0.1970524216E+07 0.9021109648E+00
0.2250000000E+05 0.3700099945E+18 0.1973695755E+07 0.9018858784E+00
0.2255000000E+05 0.3700099945E+18 0.1976771927E+07 0.9016604199E+00
0.2260000000E+05 0.3700099945E+18 0.1979770470E+07 0.9014345901E+00
0.2265000000E+05 0.3700099945E+18 0.1982752800E+07 0.9012083900E+00
0.2270000000E+05 0.3700099945E+18 0.1985791779E+07 0.9009818205E+00
0.2275000000E+05 0.3699999809E+18 0.1988926125E+07 0.9007548827E+00
0.2280000000E+05 0.3699999809E+18 0.1992132950E+07 0.9005275774E+00
0.2285000000E+05 0.3699999809E+18 0.1995351601E+07 0.9002999057E+00
0.2290000000E+05 0.3699999809E+18 0.1998534203E+07 0.9000718686E+00
0.2295000000E+05 0.3699999809E+18 0.2001673508E+07 0.8998434669E+00
0.2300000000E+05 0.3699899912E+18 0.2004788589E+07 0.8996147017E+00
0.2305000000E+05 0.3699899912E+18 0.2007896805E+07 0.8993855739E+00
0.2310000000E+05 0.3699899912E+18 0.2010995865E+07 0.8991560845E+00
0.2315000000E+05 0.3699899912E+18 0.2014078331E+07 0.8989262346E+00
0.2320000000E+05 0.3699800014E+18 0.2017148781E+07 0.8986960250E+00
0.2325000000E+05 0.3699800014E+18 0.2020219040E+07 0.8984654567E+00
0.2330000000E+05 0.3699800014E+18 0.2023291206E+07 0.8982345309E+00
0.2335000000E+05 0.3699699879E+18 0.2026356888E+07 0.8980032483E+00
0.2340000000E+05 0.3699699879E+18 0.2029408264E+07 0.8977716101E+00
0.2345000000E+05 0.3699699879E+18 0.2032455635E+07 0.8975396172E+00
0.2350000000E+05 0.3699599981E+18 0.2035527611E+07 0.8973072706E+00
0.2355000000E+05 0.3699599981E+18 0.2038636398E+07 0.8970745713E+00
0.2360000000E+05 0.3699500084E+18 0.2041763115E+07 0.8968415203E+00
0.2365000000E+05 0.3699399948E+18 0.2044866371E+07 0.8966081186E+00
0.2370000000E+05 0.3699399948E+18 0.2047906303E+07 0.8963743673E+00
0.2375000000E+05 0.3699300051E+18 0.2050875473E+07 0.8961402672E+00
0.2380000000E+05 0.3699300051E+18 0.2053791237E+07 0.8959058195E+00
0.2385000000E+05 0.3699199915E+18 0.2056676102E+07 0.8956710251E+00
0.2390000000E+05 0.3699199915E+18 0.2059551430E+07 0.8954358850E+00
0.2395000000E+05 0.3699000120E+18 0.2062439156E+07 0.8952004003E+00
0.2400000000E+05 0.3699000120E+18 0.2065367317E+07 0.8949645720E+00
0.2405000000E+05 0.3698899984E+18 0.2068356514E+07 0.8947284010E+00
0.2410000000E+05 0.3698800087E+18 0.2071400070E+07 0.8944918884E+00
0.2415000000E+05 0.3698800087E+18 0.2074456215E+07 0.8942550353E+00
0.2420000000E+05 0.3698700190E+18 0.2077479935E+07 0.8940178426E+00
0.2425000000E+05 0.3698600054E+18 0.2080451202E+07 0.8937803114E+00
0.2430000000E+05 0.3698500156E+18 0.2083382607E+07 0.8935424426E+00
0.2435000000E+05 0.3698400021E+18 0.2086303902E+07 0.8933042374E+00
0.2440000000E+05 0.3698400021E+18 0.2089225960E+07 0.8930656967E+00
0.2445000000E+05 0.3698200226E+18 0.2092138100E+07 0.8928268216E+00
0.2450000000E+05 0.3698100090E+18 0.2095032310E+07 0.8925876131E+00
0.2455000000E+05 0.3698100090E+18 0.2097911644E+07 0.8923480723E+00
0.2460000000E+05 0.3698000193E+18 0.2100788307E+07 0.8921082002E+00
0.2465000000E+05 0.3697799921E+18 0.2103656960E+07 0.8918679977E+00
0.2470000000E+05 0.3697699785E+18 0.2106494522E+07 0.8916274661E+00
0.2475000000E+05 0.3697699785E+18 0.2109289551E+07 0.8913866062E+00
0.2480000000E+05 0.3697499990E+18 0.2112079239E+07 0.8911454192E+00
0.2485000000E+05 0.3697399855E+18 0.2114937210E+07 0.8909039060E+00
0.2490000000E+05 0.3697299957E+18 0.2117913628E+07 0.8906620679E+00
0.2495000000E+05 0.3697199821E+18 0.2120976639E+07 0.8904199056E+00
0.2500000000E+05 0.3697000027E+18 0.2124017906E+07 0.8901774205E+00
0.2505000000E+05 0.3697000027E+18 0.2126921082E+07 0.8899346134E+00
0.2510000000E+05 0.3696899891E+18 0.2129646683E+07 0.8896914855E+00
0.2515000000E+05 0.3696700096E+18 0.2132254791E+07 0.8894480377E+00
0.2520000000E+05 0.3696599960E+18 0.2134852982E+07 0.8892042712E+00
0.2525000000E+05 0.3696500063E+18 0.2137529945E+07 0.8889601871E+00
0.2530000000E+05 0.3696300030E+18 0.2140311813E+07 0.8887157862E+00
0.2535000000E+05 0.3696200132E+18 0.2143173599E+07 0.8884710699E+00
0.2540000000E+05 0.3696000099E+18 0.2146074677E+07 0.8882260390E+00
0.2545000000E+05 0.3695900202E+18 0.2148982811E+07 0.8879806946E+00
0.2550000000E+05 0.3695800066E+18 0.2151871109E+07 0.8877350379E+00
0.2555000000E+05 0.3695600033E+18 0.2154706573E+07 0.8874890699E+00
0.2560000000E+05 0.3695500135E+18 0.2157448196E+07 0.8872427916E+00
0.2565000000E+05 0.3695400238E+18 0.2160069466E+07 0.8869962042E+00
0.2570000000E+05 0.3695199966E+18 0.2162594414E+07 0.8867493086E+00
0.2575000000E+05 0.3695099831E+18 0.2165102959E+07 0.8865021061E+00
0.2580000000E+05 0.3694899797E+18 0.2167689514E+07 0.8862545975E+00
0.2585000000E+05 0.3694700003E+18 0.2170405197E+07 0.8860067841E+00
0.2590000000E+05 0.3694599867E+18 0.2173219299E+07 0.8857586669E+00
0.2595000000E+05 0.3694400072E+18 0.2176052475E+07 0.8855102469E+00
0.2600000000E+05 0.3694299936E+18 0.2178841400E+07 0.8852615253E+00
0.2605000000E+05 0.3694099903E+18 0.2181578064E+07 0.8850125031E+00
0.2610000000E+05 0.3693900108E+18 0.2184299469E+07 0.8847631815E+00
0.2615000000E+05 0.3693700075E+18 0.2187046814E+07 0.8845135614E+00
0.2620000000E+05 0.3693600178E+18 0.2189832306E+07 0.8842636440E+00
0.2625000000E+05 0.3693400145E+18 0.2192641640E+07 0.8840134304E+00
0.2630000000E+05 0.3693200111E+18 0.2195444107E+07 0.8837629216E+00
0.2635000000E+05 0.3693100214E+18 0.2198205757E+07 0.8835121187E+00
0.2640000000E+05 0.3692900181E+18 0.2200897026E+07 0.8832610229E+00
0.2645000000E+05 0.3692800283E+18 0.2203497696E+07 0.8830096352E+00
0.2650000000E+05 0.3692499876E+18 0.2206009483E+07 0.8827579566E+00
0.2655000000E+05 0.3692399979E+18 0.2208454323E+07 0.8825059884E+00
0.2660000000E+05 0.3692199945E+18 0.2210869789E+07 0.8822537316E+00
0.2665000000E+05 0.3691999912E+18 0.2213301277E+07 0.8820011872E+00
0.2670000000E+05 0.3691799879E+18 0.2215786934E+07 0.8817483564E+00
0.2675000000E+05 0.3691600084E+18 0.2218349075E+07 0.8814952403E+00
0.2680000000E+05 0.3691400051E+18 0.2220989227E+07 0.8812418400E+00
0.2685000000E+05 0.3691200018E+18 0.2223687172E+07 0.8809881565E+00
0.2690000000E+05 0.3690999985E+18 0.2226416588E+07 0.8807341910E+00
0.2695000000E+05 0.3690800190E+18 0.2229155922E+07 0.8804799445E+00
0.2700000000E+05 0.3690600157E+18 0.2231890488E+07 0.8802254182E+00
0.2705000000E+05 0.3690400124E+18 0.2234604645E+07 0.8799706132E+00
0.2710000000E+05 0.3690200090E+18 0.2237276077E+07 0.8797155305E+00
0.2715000000E+05 0.3689999819E+18 0.2239876366E+07 0.8794601714E+00
0.2720000000E+05 0.3689799786E+18 0.2242387962E+07 0.8792045367E+00
0.2725000000E+05 0.3689599991E+18 0.2244824028E+07 0.8789486278E+00
0.2730000000E+05 0.3689399958E+18 0.2247226524E+07 0.8786924456E+00
0.2735000000E+05 0.3689199924E+18 0.2249648285E+07 0.8784359913E+00
0.2740000000E+05 0.3688899994E+18 0.2252135086E+07 0.8781792660E+00
0.2745000000E+05 0.3688800097E+18 0.2254696846E+07 0.8779222709E+00
0.2750000000E+05 0.3688500166E+18 0.2257314301E+07 0.8776650069E+00
0.2755000000E+05 0.3688300133E+18 0.2259948730E+07 0.8774074752E+00
0.2760000000E+05 0.3688100100E+18 0.2262541008E+07 0.8771496770E+00
0.2765000000E+05 0.3687900066E+18 0.2265042686E+07 0.8768916133E+00
0.2770000000E+05 0.3687600136E+18 0.2267440987E+07 0.8766332853E+00
0.2775000000E+05 0.3687399864E+18 0.2269776535E+07 0.8763746940E+00
0.2780000000E+05 0.3687199831E+18 0.2272138405E+07 0.8761158406E+00
0.2785000000E+05 0.3686899900E+18 0.2274599838E+07 0.8758567261E+00
0.2790000000E+05 0.3686699867E+18 0.2277150917E+07 0.8755973518E+00
0.2795000000E+05 0.3686399937E+18 0.2279699898E+07 0.8753377187E+00
0.2800000000E+05 0.3686300039E+18 0.2282131386E+07 0.8750778279E+00
0.2805000000E+05 0.3686000109E+18 0.2284397507E+07 0.8748176805E+00
0.2810000000E+05 0.3685800076E+18 0.2286555672E+07 0.8745572777E+00
0.2815000000E+05 0.3685500145E+18 0.2288721085E+07 0.8742966205E+00
0.2820000000E+05 0.3685300112E+18 0.2290990829E+07 0.8740357102E+00
0.2825000000E+05 0.3685000181E+18 0.2293394661E+07 0.8737745477E+00
0.2830000000E+05 0.3684799910E+18 0.2295900917E+07 0.8735131342E+00
0.2835000000E+05 0.3684499979E+18 0.2298459816E+07 0.8732514709E+00
0.2840000000E+05 0.3684199810E+18 0.2301034927E+07 0.8729895589E+00
0.2845000000E+05 0.3684000015E+18 0.2303610039E+07 0.8727273991E+00
0.2850000000E+05 0.3683700085E+18 0.2306181335E+07 0.8724649929E+00
0.2855000000E+05 0.3683500051E+18 0.2308748817E+07 0.8722023413E+00
0.2860000000E+05 0.3683200121E+18 0.2311311150E+07 0.8719394454E+00
0.2865000000E+05 0.3683000088E+18 0.2313865280E+07 0.8716763063E+00
0.2870000000E+05 0.3682700157E+18 0.2316393471E+07 0.8714129252E+00
0.2875000000E+05 0.3682500124E+18 0.2318856430E+07 0.8711493032E+00
0.2880000000E+05 0.3682199955E+18 0.2321199989E+07 0.8708854413E+00
0.2885000000E+05 0.3681899786E+18 0.2323388481E+07 0.8706213408E+00
0.2890000000E+05 0.3681699991E+18 0.2325452042E+07 0.8703570027E+00
0.2895000000E+05 0.3681400061E+18 0.2327492905E+07 0.8700924282E+00
0.2900000000E+05 0.3681200027E+18 0.2329633713E+07 0.8698276183E+00
0.2905000000E+05 0.3680799961E+18 0.2331941223E+07 0.8695625742E+00
0.2910000000E+05 0.3680600166E+18 0.2334378433E+07 0.8692972970E+00
0.2915000000E+05 0.3680299997E+18 0.2336844444E+07 0.8690317878E+00
0.2920000000E+05 0.3680000067E+18 0.2339258575E+07 0.8687660478E+00
0.2925000000E+05 0.3679800272E+18 0.2341604996E+07 0.8685000781E+00
0.2930000000E+05 0.3679399967E+18 0.2343915367E+07 0.8682338797E+00
0.2935000000E+05 0.3679199934E+18 0.2346214104E+07 0.8679674539E+00
0.2940000000E+05 0.3678900003E+18 0.2348484230E+07 0.8677008016E+00
0.2945000000E+05 0.3678699970E+18 0.2350689507E+07 0.8674339241E+00
0.2950000000E+05 0.3678299904E+18 0.2352823448E+07 0.8671668225E+00
0.2955000000E+05 0.3678100109E+18 0.2354924393E+07 0.8668994979E+00
0.2960000000E+05 0.3677800179E+18 0.2357064056E+07 0.8666319513E+00
0.2965000000E+05 0.3677500010E+18 0.2359305763E+07 0.8663641840E+00
0.2970000000E+05 0.3677200079E+18 0.2361654854E+07 0.8660961970E+00
0.2975000000E+05 0.3676799774E+18 0.2364056015E+07 0.8658279914E+00
0.2980000000E+05 0.3676599979E+18 0.2366424942E+07 0.8655595684E+00
0.2985000000E+05 0.3676300049E+18 0.2368697548E+07 0.8652909292E+00
0.2990000000E+05 0.3675999880E+18 0.2370879173E+07 0.8650220747E+00
0.2995000000E+05 0.3675699949E+18 0.2373025322E+07 0.8647530061E+00
0.3000000000E+05 0.3675400019E+18 0.2375188828E+07 0.8644837246E+00
0.3005000000E+05 0.3675100088E+18 0.2377380562E+07 0.8642142312E+00
0.3010000000E+05 0.3674800158E+18 0.2379557610E+07 0.8639445271E+00
0.3015000000E+05 0.3674500227E+18 0.2381666946E+07 0.8636746133E+00
0.3020000000E+05 0.3674199820E+18 0.2383698845E+07 0.8634044911E+00
0.3025000000E+05 0.3673899889E+18 0.2385692215E+07 0.8631341615E+00
0.3030000000E+05 0.3673500061E+18 0.2387713051E+07 0.8628636256E+00
0.3035000000E+05 0.3673199892E+18 0.2389821053E+07 0.8625928846E+00
0.3040000000E+05 0.3672899961E+18 0.2392030144E+07 0.8623219395E+00
0.3045000000E+05 0.3672600031E+18 0.2394318390E+07 0.8620507914E+00
0.3050000000E+05 0.3672200203E+18 0.2396655464E+07 0.8617794416E+00
0.3055000000E+05 0.3672000170E+18 0.2399007988E+07 0.8615078910E+00
0.3060000000E+05 0.3671599865E+18 0.2401355171E+07 0.8612361409E+00
0.3065000000E+05 0.3671299934E+18 0.2403676033E+07 0.8609641922E+00
0.3070000000E+05 0.3671000004E+18 0.2405918694E+07 0.8606920462E+00
0.3075000000E+05 0.3670700073E+18 0.2408019829E+07 0.8604197038E+00
0.3080000000E+05 0.3670300007E+18 0.2409943771E+07 0.8601471664E+00
0.3085000000E+05 0.3670099974E+18 0.2411727142E+07 0.8598744348E+00
0.3090000000E+05 0.3669700146E+18 0.2413506699E+07 0.8596015104E+00
0.3095000000E+05 0.3669400215E+18 0.2415456772E+07 0.8593283940E+00
0.3100000000E+05 0.3668999910E+18 0.2417665482E+07 0.8590550870E+00
0.3105000000E+05 0.3668699980E+18 0.2420066261E+07 0.8587815903E+00
0.3110000000E+05 0.3668299913E+18 0.2422463226E+07 0.8585079050E+00
0.3115000000E+05 0.3668099880E+18 0.2424655533E+07 0.8582340324E+00
0.3120000000E+05 0.3667700052E+18 0.2426573944E+07 0.8579599734E+00
0.3125000000E+05 0.3667400122E+18 0.2428310966E+07 0.8576857292E+00
0.3130000000E+05 0.3667000055E+18 0.2430035210E+07 0.8574113008E+00
0.3135000000E+05 0.3666700125E+18 0.2431885910E+07 0.8571366895E+00
0.3140000000E+05 0.3666299820E+18 0.2433905792E+07 0.8568618962E+00
0.3145000000E+05 0.3665999889E+18 0.2436057281E+07 0.8565869221E+00
0.3150000000E+05 0.3665600061E+18 0.2438278580E+07 0.8563117683E+00
0.3155000000E+05 0.3665299892E+18 0.2440523338E+07 0.8560364358E+00
0.3160000000E+05 0.3664900064E+18 0.2442770576E+07 0.8557609258E+00
0.3165000000E+05 0.3664600134E+18 0.2445010567E+07 0.8554852393E+00
0.3170000000E+05 0.3664300203E+18 0.2447220612E+07 0.8552093775E+00
0.3175000000E+05 0.3663899899E+18 0.2449349785E+07 0.8549333414E+00
0.3180000000E+05 0.3663599968E+18 0.2451330948E+07 0.8546571322E+00
0.3185000000E+05 0.3663199902E+18 0.2453120613E+07 0.8543807508E+00
0.3190000000E+05 0.3662899971E+18 0.2454757309E+07 0.8541041985E+00
0.3195000000E+05 0.3662500143E+18 0.2456368637E+07 0.8538274763E+00
0.3200000000E+05 0.3662199974E+18 0.2458106041E+07 0.8535505852E+00
0.3205000000E+05 0.3661700249E+18 0.2460051727E+07 0.8532735265E+00
0.3210000000E+05 0.3661399841E+18 0.2462160110E+07 0.8529963010E+00
0.3215000000E+05 0.3661099911E+18 0.2464306259E+07 0.8527189100E+00
0.3220000000E+05 0.3660699844E+18 0.2466391182E+07 0.8524413546E+00
0.3225000000E+05 0.3660399914E+18 0.2468395805E+07 0.8521636357E+00
0.3230000000E+05 0.3659899950E+18 0.2470358467E+07 0.8518857545E+00
0.3235000000E+05 0.3659600019E+18 0.2472312546E+07 0.8516077120E+00
0.3240000000E+05 0.3659200191E+18 0.2474253273E+07 0.8513295094E+00
0.3245000000E+05 0.3658900261E+18 0.2476164436E+07 0.8510511477E+00
0.3250000000E+05 0.3658499956E+18 0.2478056145E+07 0.8507726280E+00
0.3255000000E+05 0.3658099890E+18 0.2479952240E+07 0.8504939513E+00
0.3260000000E+05 0.3657799959E+18 0.2481853104E+07 0.8502151188E+00
0.3265000000E+05 0.3657400131E+18 0.2483726120E+07 0.8499361314E+00
0.3270000000E+05 0.3657000065E+18 0.2485522461E+07 0.8496569903E+00
0.3275000000E+05 0.3656700134E+18 0.2487229156E+07 0.8493776965E+00
0.3280000000E+05 0.3656199932E+18 0.2488894844E+07 0.8490982512E+00
0.3285000000E+05 0.3655899763E+18 0.2490596008E+07 0.8488186553E+00
0.3290000000E+05 0.3655499935E+18 0.2492395782E+07 0.8485389099E+00
0.3295000000E+05 0.3655099869E+18 0.2494316101E+07 0.8482590161E+00
0.3300000000E+05 0.3654700041E+18 0.2496332169E+07 0.8479789750E+00
0.3305000000E+05 0.3654400110E+18 0.2498397446E+07 0.8476987876E+00
0.3310000000E+05 0.3653900146E+18 0.2500458908E+07 0.8474184549E+00
0.3315000000E+05 0.3653599739E+18 0.2502461052E+07 0.8471379781E+00
0.3320000000E+05 0.3653199911E+18 0.2504354095E+07 0.8468573581E+00
0.3325000000E+05 0.3652799845E+18 0.2506109619E+07 0.8465765960E+00
0.3330000000E+05 0.3652400017E+18 0.2507749939E+07 0.8462956930E+00
0.3335000000E+05 0.3652100086E+18 0.2509342384E+07 0.8460146499E+00
0.3340000000E+05 0.3651600122E+18 0.2510973358E+07 0.8457334680E+00
0.3345000000E+05 0.3651200056E+18 0.2512714958E+07 0.8454521481E+00
0.3350000000E+05 0.3650899887E+18 0.2514581871E+07 0.8451706915E+00
0.3355000000E+05 0.3650399923E+18 0.2516539574E+07 0.8448890990E+00
0.3360000000E+05 0.3649999857E+18 0.2518528748E+07 0.8446073718E+00
0.3365000000E+05 0.3649699926E+18 0.2520478439E+07 0.8443255109E+00
0.3370000000E+05 0.3649199963E+18 0.2522345734E+07 0.8440435173E+00
0.3375000000E+05 0.3648800135E+18 0.2524134827E+07 0.8437613920E+00
0.3380000000E+05 0.3648500204E+18 0.2525881577E+07 0.8434791362E+00
0.3385000000E+05 0.3648099899E+18 0.2527624321E+07 0.8431967508E+00
0.3390000000E+05 0.3647599936E+18 0.2529351234E+07 0.8429142369E+00
0.3395000000E+05 0.3647199869E+18 0.2530993271E+07 0.8426315955E+00
0.3400000000E+05 0.3646899939E+18 0.2532498360E+07 0.8423488275E+00
0.3405000000E+05 0.3646500111E+18 0.2533918571E+07 0.8420659342E+00
0.3410000000E+05 0.3646000147E+18 0.2535427856E+07 0.8417829164E+00
0.3415000000E+05 0.3645599842E+18 0.2537224007E+07 0.8414997752E+00
0.3420000000E+05 0.3645200014E+18 0.2539372444E+07 0.8412165116E+00
0.3425000000E+05 0.3644799948E+18 0.2541722107E+07 0.8409331266E+00
0.3430000000E+05 0.3644299984E+18 0.2543986320E+07 0.8406496213E+00
0.3435000000E+05 0.3644000053E+18 0.2545916748E+07 0.8403659966E+00
0.3440000000E+05 0.3643600225E+18 0.2547457504E+07 0.8400822537E+00
0.3445000000E+05 0.3643200159E+18 0.2548754501E+07 0.8397983934E+00
0.3450000000E+05 0.3642799854E+18 0.2550031853E+07 0.8395144168E+00
0.3455000000E+05 0.3642299891E+18 0.2551437950E+07 0.8392303249E+00
0.3460000000E+05 0.3641900063E+18 0.2552964020E+07 0.8389461187E+00
0.3465000000E+05 0.3641499996E+18 0.2554480171E+07 0.8386617992E+00
0.3470000000E+05 0.3641100168E+18 0.2555857849E+07 0.8383773674E+00
0.3475000000E+05 0.3640700102E+18 0.2557090759E+07 0.8380928244E+00
0.3480000000E+05 0.3640199900E+18 0.2558333778E+07 0.8378081710E+00
0.3485000000E+05 0.3639799833E+18 0.2559818459E+07 0.8375234084E+00
0.3490000000E+05 0.3639300108E+18 0.2561696434E+07 0.8372385374E+00
0.3495000000E+05 0.3638900042E+18 0.2563908195E+07 0.8369535592E+00
0.3500000000E+05 0.3638500214E+18 0.2566195488E+07 0.8366684746E+00
0.3505000000E+05 0.3638100147E+18 0.2568257713E+07 0.8363832846E+00
0.3510000000E+05 0.3637699842E+18 0.2569938660E+07 0.8360979904E+00
0.3515000000E+05 0.3637300014E+18 0.2571306419E+07 0.8358125927E+00
0.3520000000E+05 0.3636800051E+18 0.2572569466E+07 0.8355270927E+00
0.3525000000E+05 0.3636300087E+18 0.2573910141E+07 0.8352414912E+00
0.3530000000E+05 0.3635900021E+18 0.2575382042E+07 0.8349557893E+00
0.3535000000E+05 0.3635500193E+18 0.2576930809E+07 0.8346699880E+00
0.3540000000E+05 0.3635099888E+18 0.2578484344E+07 0.8343840881E+00
0.3545000000E+05 0.3634599924E+18 0.2580034065E+07 0.8340980908E+00
0.3550000000E+05 0.3634200096E+18 0.2581623459E+07 0.8338119969E+00
0.3555000000E+05 0.3633800030E+18 0.2583290672E+07 0.8335258074E+00
0.3560000000E+05 0.3633300066E+18 0.2585037613E+07 0.8332395233E+00
0.3565000000E+05 0.3632900238E+18 0.2586815262E+07 0.8329531455E+00
0.3570000000E+05 0.3632499933E+18 0.2588543510E+07 0.8326666750E+00
0.3575000000E+05 0.3631999969E+18 0.2590156746E+07 0.8323801128E+00
0.3580000000E+05 0.3631599903E+18 0.2591617012E+07 0.8320934598E+00
0.3585000000E+05 0.3631200075E+18 0.2592941666E+07 0.8318067169E+00
0.3590000000E+05 0.3630700111E+18 0.2594211960E+07 0.8315198852E+00
0.3595000000E+05 0.3630200148E+18 0.2595525551E+07 0.8312329655E+00
0.3600000000E+05 0.3629799843E+18 0.2596959496E+07 0.8309459588E+00
0.3605000000E+05 0.3629299879E+18 0.2598539352E+07 0.8306588661E+00
0.3610000000E+05 0.3628900051E+18 0.2600233650E+07 0.8303716883E+00
0.3615000000E+05 0.3628499985E+18 0.2601985931E+07 0.8300844263E+00
0.3620000000E+05 0.3628000021E+18 0.2603732491E+07 0.8297970810E+00
0.3625000000E+05 0.3627600193E+18 0.2605409813E+07 0.8295096535E+00
0.3630000000E+05 0.3627099991E+18 0.2606961060E+07 0.8292221445E+00
0.3635000000E+05 0.3626699924E+18 0.2608354568E+07 0.8289345552E+00
0.3640000000E+05 0.3626199961E+18 0.2609615707E+07 0.8286468863E+00
0.3645000000E+05 0.3625800133E+18 0.2610821152E+07 0.8283591388E+00
0.3650000000E+05 0.3625300169E+18 0.2612063599E+07 0.8280713137E+00
0.3655000000E+05 0.3624799728E+18 0.2613401985E+07 0.8277834118E+00
0.3660000000E+05 0.3624399900E+18 0.2614818382E+07 0.8274954341E+00
0.3665000000E+05 0.3623899937E+18 0.2616251564E+07 0.8272073815E+00
0.3670000000E+05 0.3623399973E+18 0.2617661285E+07 0.8269192548E+00
0.3675000000E+05 0.3623000145E+18 0.2619050217E+07 0.8266310551E+00
0.3680000000E+05 0.3622500181E+18 0.2620448494E+07 0.8263427832E+00
0.3685000000E+05 0.3621999979E+18 0.2621868515E+07 0.8260544400E+00
0.3690000000E+05 0.3621599913E+18 0.2623289871E+07 0.8257660264E+00
0.3695000000E+05 0.3621200085E+18 0.2624711227E+07 0.8254775434E+00
0.3700000000E+05 0.3620700121E+18 0.2626182938E+07 0.8251889917E+00
0.3705000000E+05 0.3620200157E+18 0.2627758026E+07 0.8249003724E+00
0.3710000000E+05 0.3619700193E+18 0.2629408073E+07 0.8246116863E+00
0.3715000000E+05 0.3619199991E+18 0.2630993462E+07 0.8243229343E+00
0.3720000000E+05 0.3618799925E+18 0.2632341957E+07 0.8240341173E+00
0.3725000000E+05 0.3618400097E+18 0.2633389473E+07 0.8237452361E+00
0.3730000000E+05 0.3617900133E+18 0.2634247780E+07 0.8234562917E+00
0.3735000000E+05 0.3617400169E+18 0.2635124016E+07 0.8231672850E+00
0.3740000000E+05 0.3616899967E+18 0.2636193657E+07 0.8228782167E+00
0.3745000000E+05 0.3616400003E+18 0.2637511063E+07 0.8225890879E+00
0.3750000000E+05 0.3615999937E+18 0.2639019012E+07 0.8222998993E+00
0.3755000000E+05 0.3615499973E+18 0.2640628052E+07 0.8220106518E+00
0.3760000000E+05 0.3615000010E+18 0.2642270088E+07 0.8217213463E+00
0.3765000000E+05 0.3614500284E+18 0.2643915176E+07 0.8214319837E+00
0.3770000000E+05 0.3613999844E+18 0.2645557785E+07 0.8211425649E+00
0.3775000000E+05 0.3613600016E+18 0.2647202682E+07 0.8208530906E+00
0.3780000000E+05 0.3613100052E+18 0.2648851395E+07 0.8205635618E+00
0.3785000000E+05 0.3612600088E+18 0.2650478172E+07 0.8202739793E+00
0.3790000000E+05 0.3612100124E+18 0.2652010918E+07 0.8199843439E+00
0.3795000000E+05 0.3611699820E+18 0.2653339577E+07 0.8196946565E+00
0.3800000000E+05 0.3611199856E+18 0.2654383278E+07 0.8194049180E+00
0.3805000000E+05 0.3610699892E+18 0.2655182648E+07 0.8191151292E+00
0.3810000000E+05 0.3610300064E+18 0.2655915451E+07 0.8188252909E+00
0.3815000000E+05 0.3609800100E+18 0.2656806946E+07 0.8185354040E+00
0.3820000000E+05 0.3609199762E+18 0.2657984352E+07 0.8182454693E+00
0.3825000000E+05 0.3608799934E+18 0.2659394646E+07 0.8179554877E+00
0.3830000000E+05 0.3608299971E+18 0.2660878181E+07 0.8176654599E+00
0.3835000000E+05 0.3607800007E+18 0.2662309837E+07 0.8173753869E+00
0.3840000000E+05 0.3607300043E+18 0.2663666916E+07 0.8170852694E+00
0.3845000000E+05 0.3606800079E+18 0.2664991951E+07 0.8167951082E+00
0.3850000000E+05 0.3606299877E+18 0.2666289711E+07 0.8165049042E+00
0.3855000000E+05 0.3605899811E+18 0.2667494392E+07 0.8162146583E+00
0.3860000000E+05 0.3605400085E+18 0.2668528175E+07 0.8159243711E+00
0.3865000000E+05 0.3604900122E+18 0.2669389153E+07 0.8156340436E+00
0.3870000000E+05 0.3604400158E+18 0.2670179939E+07 0.8153436765E+00
0.3875000000E+05 0.3603899956E+18 0.2671066284E+07 0.8150532707E+00
0.3880000000E+05 0.3603399992E+18 0.2672190285E+07 0.8147628269E+00
0.3885000000E+05 0.3602900028E+18 0.2673577499E+07 0.8144723460E+00
0.3890000000E+05 0.3602300167E+18 0.2675121307E+07 0.8141818287E+00
0.3895000000E+05 0.3601900101E+18 0.2676637840E+07 0.8138912759E+00
0.3900000000E+05 0.3601400137E+18 0.2677972794E+07 0.8136006883E+00
0.3905000000E+05 0.3600899935E+18 0.2679103470E+07 0.8133100668E+00
0.3910000000E+05 0.3600399971E+18 0.2680132103E+07 0.8130194121E+00
0.3915000000E+05 0.3599900007E+18 0.2681202316E+07 0.8127287250E+00
0.3920000000E+05 0.3599400043E+18 0.2682404518E+07 0.8124380063E+00
0.3925000000E+05 0.3598900080E+18 0.2683720207E+07 0.8121472568E+00
0.3930000000E+05 0.3598399878E+18 0.2685056877E+07 0.8118564773E+00
0.3935000000E+05 0.3597899914E+18 0.2686298752E+07 0.8115656685E+00
0.3940000000E+05 0.3597399950E+18 0.2687355804E+07 0.8112748312E+00
0.3945000000E+05 0.3596899986E+18 0.2688215828E+07 0.8109839662E+00
0.3950000000E+05 0.3596400261E+18 0.2688953018E+07 0.8106930742E+00
0.3955000000E+05 0.3595899820E+18 0.2689715576E+07 0.8104021561E+00
0.3960000000E+05 0.3595299959E+18 0.2690670967E+07 0.8101112125E+00
0.3965000000E+05 0.3594899893E+18 0.2691892815E+07 0.8098202442E+00
0.3970000000E+05 0.3594300032E+18 0.2693313980E+07 0.8095292521E+00
0.3975000000E+05 0.3593800068E+18 0.2694761848E+07 0.8092382368E+00
0.3980000000E+05 0.3593399763E+18 0.2696052170E+07 0.8089471991E+00
0.3985000000E+05 0.3592799902E+18 0.2697126770E+07 0.8086561397E+00
0.3990000000E+05 0.3592299938E+18 0.2698092270E+07 0.8083650595E+00
0.3995000000E+05 0.3591799974E+18 0.2699124527E+07 0.8080739590E+00
0.4000000000E+05 0.3591300011E+18 0.2700328445E+07 0.8077828392E+00
0.4005000000E+05 0.3590699911E+18 0.2701625252E+07 0.8074917006E+00
0.4010000000E+05 0.3590199947E+18 0.2702785683E+07 0.8072005441E+00
0.4015000000E+05 0.3589799881E+18 0.2703618813E+07 0.8069093704E+00
0.4020000000E+05 0.3589200020E+18 0.2704150009E+07 0.8066181802E+00
0.4025000000E+05 0.3588700056E+18 0.2704648209E+07 0.8063269743E+00
0.4030000000E+05 0.3588199854E+18 0.2705455589E+07 0.8060357533E+00
0.4035000000E+05 0.3587599993E+18 0.2706738853E+07 0.8057445180E+00
0.4040000000E+05 0.3587100029E+18 0.2708362770E+07 0.8054532691E+00
0.4045000000E+05 0.3586600065E+18 0.2709986496E+07 0.8051620073E+00
0.4050000000E+05 0.3586100101E+18 0.2711295700E+07 0.8048707334E+00
0.4055000000E+05 0.3585599899E+18 0.2712195206E+07 0.8045794480E+00
0.4060000000E+05 0.3585099936E+18 0.2712829781E+07 0.8042881519E+00
0.4065000000E+05 0.3584500074E+18 0.2713446808E+07 0.8039968457E+00
0.4070000000E+05 0.3584000111E+18 0.2714239502E+07 0.8037055302E+00
0.4075000000E+05 0.3583500147E+18 0.2715259552E+07 0.8034142060E+00
0.4080000000E+05 0.3582999945E+18 0.2716425705E+07 0.8031228740E+00
0.4085000000E+05 0.3582399845E+18 0.2717587471E+07 0.8028315346E+00
0.4090000000E+05 0.3581899881E+18 0.2718592834E+07 0.8025401887E+00
0.4095000000E+05 0.3581400156E+18 0.2719355392E+07 0.8022488370E+00
0.4100000000E+05 0.3580900192E+18 0.2719924927E+07 0.8019574801E+00
0.4105000000E+05 0.3580299854E+18 0.2720499802E+07 0.8016661186E+00
0.4110000000E+05 0.3579799891E+18 0.2721337128E+07 0.8013747534E+00
0.4115000000E+05 0.3579200029E+18 0.2722589111E+07 0.8010833850E+00
0.4120000000E+05 0.3578700066E+18 0.2724158096E+07 0.8007920142E+00
0.4125000000E+05 0.3578200102E+18 0.2725716782E+07 0.8005006416E+00
0.4130000000E+05 0.3577699900E+18 0.2726907730E+07 0.8002092679E+00
0.4135000000E+05 0.3577100039E+18 0.2727588081E+07 0.7999178937E+00
0.4140000000E+05 0.3576600075E+18 0.2727932739E+07 0.7996265197E+00
0.4145000000E+05 0.3576100111E+18 0.2728301048E+07 0.7993351467E+00
0.4150000000E+05 0.3575500250E+18 0.2728976059E+07 0.7990437751E+00
0.4155000000E+05 0.3574999809E+18 0.2729983139E+07 0.7987524058E+00
0.4160000000E+05 0.3574499846E+18 0.2731118774E+07 0.7984610393E+00
0.4165000000E+05 0.3573899984E+18 0.2732140541E+07 0.7981696763E+00
0.4170000000E+05 0.3573400021E+18 0.2732967186E+07 0.7978783175E+00
0.4175000000E+05 0.3572800159E+18 0.2733714676E+07 0.7975869634E+00
0.4180000000E+05 0.3572299957E+18 0.2734574699E+07 0.7972956148E+00
0.4185000000E+05 0.3571699858E+18 0.2735661697E+07 0.7970042723E+00
0.4190000000E+05 0.3571200132E+18 0.2736911201E+07 0.7967129364E+00
0.4195000000E+05 0.3570700169E+18 0.2738118744E+07 0.7964216080E+00
0.4200000000E+05 0.3570100069E+18 0.2739094162E+07 0.7961302875E+00
0.4205000000E+05 0.3569599867E+18 0.2739761734E+07 0.7958389756E+00
0.4210000000E+05 0.3569099903E+18 0.2740201950E+07 0.7955476730E+00
0.4215000000E+05 0.3568500042E+18 0.2740599442E+07 0.7952563803E+00
0.4220000000E+05 0.3568000078E+18 0.2741120148E+07 0.7949650980E+00
0.4225000000E+05 0.3567399740E+18 0.2741848946E+07 0.7946738268E+00
0.4230000000E+05 0.3566900015E+18 0.2742784500E+07 0.7943825674E+00
0.4235000000E+05 0.3566299915E+18 0.2743863487E+07 0.7940913203E+00
0.4240000000E+05 0.3565799952E+18 0.2745012283E+07 0.7938000861E+00
0.4245000000E+05 0.3565200090E+18 0.2746159554E+07 0.7935088655E+00
0.4250000000E+05 0.3564699888E+18 0.2747232628E+07 0.7932176591E+00
0.4255000000E+05 0.3564100027E+18 0.2748156738E+07 0.7929264674E+00
0.4260000000E+05 0.3563600063E+18 0.2748874855E+07 0.7926352911E+00
0.4265000000E+05 0.3562999964E+18 0.2749397087E+07 0.7923441308E+00
0.4270000000E+05 0.3562500238E+18 0.2749806595E+07 0.7920529870E+00
0.4275000000E+05 0.3561899900E+18 0.2750239563E+07 0.7917618604E+00
0.4280000000E+05 0.3561300039E+18 0.2750829124E+07 0.7914707515E+00
0.4285000000E+05 0.3560800076E+18 0.2751623344E+07 0.7911796610E+00
0.4290000000E+05 0.3560200214E+18 0.2752585220E+07 0.7908885893E+00
0.4295000000E+05 0.3559700251E+18 0.2753615761E+07 0.7905975372E+00
0.4300000000E+05 0.3559199810E+18 0.2754582024E+07 0.7903065051E+00
0.4305000000E+05 0.3558599949E+18 0.2755401993E+07 0.7900154937E+00
0.4310000000E+05 0.3558000088E+18 0.2756078529E+07 0.7897245035E+00
0.4315000000E+05 0.3557500124E+18 0.2756690979E+07 0.7894335351E+00
0.4320000000E+05 0.3556899786E+18 0.2757341003E+07 0.7891425891E+00
0.4325000000E+05 0.3556399822E+18 0.2758045006E+07 0.7888516660E+00
0.4330000000E+05 0.3555799961E+18 0.2758726692E+07 0.7885607664E+00
0.4335000000E+05 0.3555299997E+18 0.2759322357E+07 0.7882698909E+00
0.4340000000E+05 0.3554700136E+18 0.2759894562E+07 0.7879790400E+00
0.4345000000E+05 0.3554099798E+18 0.2760634804E+07 0.7876882142E+00
0.4350000000E+05 0.3553599834E+18 0.2761682320E+07 0.7873974142E+00
0.4355000000E+05 0.3552999973E+18 0.2762952042E+07 0.7871066405E+00
0.4360000000E+05 0.3552400112E+18 0.2764142609E+07 0.7868158936E+00
0.4365000000E+05 0.3551900148E+18 0.2764932823E+07 0.7865251741E+00
0.4370000000E+05 0.3551299810E+18 0.2765234184E+07 0.7862344824E+00
0.4375000000E+05 0.3550799847E+18 0.2765240097E+07 0.7859438193E+00
0.4380000000E+05 0.3550199986E+18 0.2765270233E+07 0.7856531851E+00
0.4385000000E+05 0.3549600124E+18 0.2765570068E+07 0.7853625805E+00
0.4390000000E+05 0.3548999786E+18 0.2766198730E+07 0.7850720059E+00
0.4395000000E+05 0.3548499823E+18 0.2767069435E+07 0.7847814619E+00
0.4400000000E+05 0.3547899961E+18 0.2768063164E+07 0.7844909491E+00
0.4405000000E+05 0.3547399998E+18 0.2769085312E+07 0.7842004678E+00
0.4410000000E+05 0.3546800137E+18 0.2770054245E+07 0.7839100188E+00
0.4415000000E+05 0.3546199799E+18 0.2770866013E+07 0.7836196024E+00
0.4420000000E+05 0.3545599937E+18 0.2771395302E+07 0.7833292193E+00
0.4425000000E+05 0.3545099974E+18 0.2771572685E+07 0.7830388699E+00
0.4430000000E+05 0.3544500113E+18 0.2771500587E+07 0.7827485547E+00
0.4435000000E+05 0.3544000149E+18 0.2771470642E+07 0.7824582743E+00
0.4440000000E+05 0.3543399811E+18 0.2771823311E+07 0.7821680291E+00
0.4445000000E+05 0.3542700052E+18 0.2772725677E+07 0.7818778196E+00
0.4450000000E+05 0.3542200089E+18 0.2774019623E+07 0.7815876465E+00
0.4455000000E+05 0.3541600227E+18 0.2775306702E+07 0.7812975101E+00
0.4460000000E+05 0.3541099787E+18 0.2776224136E+07 0.7810074109E+00
0.4465000000E+05 0.3540499926E+18 0.2776674652E+07 0.7807173496E+00
0.4470000000E+05 0.3539900064E+18 0.2776840591E+07 0.7804273264E+00
0.4475000000E+05 0.3539300203E+18 0.2776995277E+07 0.7801373420E+00
0.4480000000E+05 0.3538699865E+18 0.2777302361E+07 0.7798473969E+00
0.4485000000E+05 0.3538199902E+18 0.2777756310E+07 0.7795574914E+00
0.4490000000E+05 0.3537600040E+18 0.2778277397E+07 0.7792676262E+00
0.4495000000E+05 0.3536999941E+18 0.2778834343E+07 0.7789778016E+00
0.4500000000E+05 0.3536400080E+18 0.2779455376E+07 0.7786880182E+00
0.4505000000E+05 0.3535899878E+18 0.2780176544E+07 0.7783982764E+00
0.4510000000E+05 0.3535199881E+18 0.2781003761E+07 0.7781085767E+00
0.4515000000E+05 0.3534699917E+18 0.2781873131E+07 0.7778189196E+00
0.4520000000E+05 0.3534100056E+18 0.2782692337E+07 0.7775293055E+00
0.4525000000E+05 0.3533499718E+18 0.2783410072E+07 0.7772397349E+00
0.4530000000E+05 0.3532899857E+18 0.2784024239E+07 0.7769502084E+00
0.4535000000E+05 0.3532399893E+18 0.2784606361E+07 0.7766607262E+00
0.4540000000E+05 0.3531700134E+18 0.2785258484E+07 0.7763712890E+00
0.4545000000E+05 0.3531200171E+18 0.2785995483E+07 0.7760818971E+00
0.4550000000E+05 0.3530599833E+18 0.2786732101E+07 0.7757925510E+00
0.4555000000E+05 0.3529999971E+18 0.2787316132E+07 0.7755032512E+00
0.4560000000E+05 0.3529500008E+18 0.2787612343E+07 0.7752139980E+00
0.4565000000E+05 0.3528800011E+18 0.2787607193E+07 0.7749247921E+00
0.4570000000E+05 0.3528300285E+18 0.2787410736E+07 0.7746356337E+00
0.4575000000E+05 0.3527599812E+18 0.2787212944E+07 0.7743465234E+00
0.4580000000E+05 0.3527100086E+18 0.2787214088E+07 0.7740574615E+00
0.4585000000E+05 0.3526499987E+18 0.2787543106E+07 0.7737684486E+00
0.4590000000E+05 0.3525900126E+18 0.2788185883E+07 0.7734794851E+00
0.4595000000E+05 0.3525299788E+18 0.2788967323E+07 0.7731905713E+00
0.4600000000E+05 0.3524699926E+18 0.2789665413E+07 0.7729017077E+00
0.4605000000E+05 0.3524199963E+18 0.2790150070E+07 0.7726128948E+00
0.4610000000E+05 0.3523500204E+18 0.2790478897E+07 0.7723241330E+00
0.4615000000E+05 0.3522899866E+18 0.2790866852E+07 0.7720354227E+00
0.4620000000E+05 0.3522300005E+18 0.2791478920E+07 0.7717467643E+00
0.4625000000E+05 0.3521699905E+18 0.2792300987E+07 0.7714581582E+00
0.4630000000E+05 0.3521100044E+18 0.2793151093E+07 0.7711696049E+00
0.4635000000E+05 0.3520600080E+18 0.2793798637E+07 0.7708811048E+00
0.4640000000E+05 0.3519999981E+18 0.2794165993E+07 0.7705926582E+00
0.4645000000E+05 0.3519299984E+18 0.2794390869E+07 0.7703042657E+00
0.4650000000E+05 0.3518800020E+18 0.2794703293E+07 0.7700159275E+00
0.4655000000E+05 0.3518200159E+18 0.2795243454E+07 0.7697276442E+00
0.4660000000E+05 0.3517499924E+18 0.2795916939E+07 0.7694394161E+00
0.4665000000E+05 0.3516900063E+18 0.2796455574E+07 0.7691512436E+00
0.4670000000E+05 0.3516400099E+18 0.2796652603E+07 0.7688631271E+00
0.4675000000E+05 0.3515799999E+18 0.2796567917E+07 0.7685750670E+00
0.4680000000E+05 0.3515199900E+18 0.2796509933E+07 0.7682870637E+00
0.4685000000E+05 0.3514599800E+18 0.2796783447E+07 0.7679991177E+00
0.4690000000E+05 0.3513999939E+18 0.2797430229E+07 0.7677112292E+00
0.4695000000E+05 0.3513300180E+18 0.2798189926E+07 0.7674233987E+00
0.4700000000E+05 0.3512800217E+18 0.2798706627E+07 0.7671356265E+00
0.4705000000E+05 0.3512199879E+18 0.2798815346E+07 0.7668479131E+00
0.4710000000E+05 0.3511600018E+18 0.2798636627E+07 0.7665602589E+00
0.4715000000E+05 0.3511000156E+18 0.2798449135E+07 0.7662726641E+00
0.4720000000E+05 0.3510400057E+18 0.2798491287E+07 0.7659851293E+00
0.4725000000E+05 0.3509699821E+18 0.2798837280E+07 0.7656976547E+00
0.4730000000E+05 0.3509099960E+18 0.2799417686E+07 0.7654102407E+00
0.4735000000E+05 0.3508500099E+18 0.2800121689E+07 0.7651228877E+00
0.4740000000E+05 0.3507900000E+18 0.2800866127E+07 0.7648355962E+00
0.4745000000E+05 0.3507299900E+18 0.2801605797E+07 0.7645483663E+00
0.4750000000E+05 0.3506700039E+18 0.2802295303E+07 0.7642611986E+00
0.4755000000E+05 0.3506099939E+18 0.2802851105E+07 0.7639740933E+00
0.4760000000E+05 0.3505500078E+18 0.2803161430E+07 0.7636870509E+00
0.4765000000E+05 0.3504900217E+18 0.2803155518E+07 0.7634000716E+00
0.4770000000E+05 0.3504299879E+18 0.2802907944E+07 0.7631131559E+00
0.4775000000E+05 0.3503700018E+18 0.2802661514E+07 0.7628263041E+00
0.4780000000E+05 0.3503100157E+18 0.2802700043E+07 0.7625395166E+00
0.4785000000E+05 0.3502400160E+18 0.2803146172E+07 0.7622527936E+00
0.4790000000E+05 0.3501799822E+18 0.2803829384E+07 0.7619661356E+00
0.4795000000E+05 0.3501199961E+18 0.2804382896E+07 0.7616795429E+00
0.4800000000E+05 0.3500600100E+18 0.2804538727E+07 0.7613930158E+00
0.4805000000E+05 0.3500000000E+18 0.2804340553E+07 0.7611065548E+00
0.4810000000E+05 0.3499399900E+18 0.2804103470E+07 0.7608201600E+00
0.4815000000E+05 0.3498699903E+18 0.2804147720E+07 0.7605338319E+00
0.4820000000E+05 0.3498100042E+18 0.2804535484E+07 0.7602475708E+00
0.4825000000E+05 0.3497500181E+18 0.2805052567E+07 0.7599613770E+00
0.4830000000E+05 0.3496899843E+18 0.2805420494E+07 0.7596752508E+00
0.4835000000E+05 0.3496299982E+18 0.2805542374E+07 0.7593891927E+00
0.4840000000E+05 0.3495699883E+18 0.2805565834E+07 0.7591032029E+00
0.4845000000E+05 0.3495100021E+18 0.2805733490E+07 0.7588172817E+00
0.4850000000E+05 0.3494400263E+18 0.2806197739E+07 0.7585314295E+00
0.4855000000E+05 0.3493799925E+18 0.2806906128E+07 0.7582456465E+00
0.4860000000E+05 0.3493200064E+18 0.2807658958E+07 0.7579599332E+00
0.4865000000E+05 0.3492599964E+18 0.2808290672E+07 0.7576742898E+00
0.4870000000E+05 0.3492000103E+18 0.2808744431E+07 0.7573887167E+00
0.4875000000E+05 0.3491399765E+18 0.2809049797E+07 0.7571032141E+00
0.4880000000E+05 0.3490700006E+18 0.2809253120E+07 0.7568177823E+00
0.4885000000E+05 0.3490100145E+18 0.2809327507E+07 0.7565324218E+00
0.4890000000E+05 0.3489500046E+18 0.2809230804E+07 0.7562471327E+00
0.4895000000E+05 0.3488899946E+18 0.2809009552E+07 0.7559619155E+00
0.4900000000E+05 0.3488299847E+18 0.2808776665E+07 0.7556767703E+00
0.4905000000E+05 0.3487600088E+18 0.2808640099E+07 0.7553916975E+00
0.4910000000E+05 0.3487000227E+18 0.2808607674E+07 0.7551066974E+00
0.4915000000E+05 0.3486399889E+18 0.2808575439E+07 0.7548217704E+00
0.4920000000E+05 0.3485800028E+18 0.2808464050E+07 0.7545369166E+00
0.4925000000E+05 0.3485100031E+18 0.2808337212E+07 0.7542521364E+00
0.4930000000E+05 0.3484500170E+18 0.2808363342E+07 0.7539674301E+00
0.4935000000E+05 0.3483899832E+18 0.2808681679E+07 0.7536827980E+00
0.4940000000E+05 0.3483199835E+18 0.2809257698E+07 0.7533982403E+00
0.4945000000E+05 0.3482599974E+18 0.2809872055E+07 0.7531137574E+00
0.4950000000E+05 0.3482000113E+18 0.2810298729E+07 0.7528293495E+00
0.4955000000E+05 0.3481400251E+18 0.2810453033E+07 0.7525450170E+00
0.4960000000E+05 0.3480700016E+18 0.2810431480E+07 0.7522607600E+00
0.4965000000E+05 0.3480099916E+18 0.2810436821E+07 0.7519765790E+00
0.4970000000E+05 0.3479500055E+18 0.2810602570E+07 0.7516924741E+00
0.4975000000E+05 0.3478800058E+18 0.2810937309E+07 0.7514084456E+00
0.4980000000E+05 0.3478199959E+18 0.2811345863E+07 0.7511244939E+00
0.4985000000E+05 0.3477599859E+18 0.2811669350E+07 0.7508406192E+00
0.4990000000E+05 0.3476900101E+18 0.2811813164E+07 0.7505568217E+00
0.4995000000E+05 0.3476300240E+18 0.2811797142E+07 0.7502731017E+00
0.5000000000E+05 0.3475699902E+18 0.2811734772E+07 0.7499894595E+00
0.5005000000E+05 0.3474999905E+18 0.2811764336E+07 0.7497058954E+00
0.5010000000E+05 0.3474400043E+18 0.2811905479E+07 0.7494224097E+00
0.5015000000E+05 0.3473700047E+18 0.2812039375E+07 0.7491390025E+00
0.5020000000E+05 0.3473199844E+18 0.2812039185E+07 0.7488556741E+00
0.5025000000E+05 0.3472499847E+18 0.2811899948E+07 0.7485724249E+00
