        1000
0.3000000000E+03 0.2610900104E+17 0.2020699978E+05 0.9437955375E+00
0.3500000000E+03 0.2611599863E+17 0.2358500063E+05 0.9437410107E+00
0.4000000000E+03 0.2612399757E+17 0.2696399987E+05 0.9436780992E+00
0.4500000000E+03 0.2613199949E+17 0.3034237623E+05 0.9436068048E+00
0.5000000000E+03 0.2613999844E+17 0.3371990621E+05 0.9435271293E+00
0.5500000000E+03 0.2614700198E+17 0.3709588945E+05 0.9434390751E+00
0.6000000000E+03 0.2615500093E+17 0.4046985507E+05 0.9433426445E+00
0.6500000000E+03 0.2616100013E+17 0.4384147525E+05 0.9432378402E+00
0.7000000000E+03 0.2616699934E+17 0.4721046388E+05 0.9431246651E+00
0.7500000000E+03 0.2617200017E+17 0.5057662129E+05 0.9430031224E+00
0.8000000000E+03 0.2617599964E+17 0.5393989086E+05 0.9428732154E+00
0.8500000000E+03 0.2618000209E+17 0.5730028749E+05 0.9427349478E+00
0.9000000000E+03 0.2618300021E+17 0.6065778136E+05 0.9425883233E+00
0.9500000000E+03 0.2618599832E+17 0.6401233077E+05 0.9424333461E+00
0.1000000000E+04 0.2618800104E+17 0.6736392975E+05 0.9422700205E+00
0.1050000000E+04 0.2618899941E+17 0.7071260214E+05 0.9420983511E+00
0.1100000000E+04 0.2619000077E+17 0.7405853271E+05 0.9419183426E+00
0.1150000000E+04 0.2618899941E+17 0.7740197778E+05 0.9417300002E+00
0.1200000000E+04 0.2618899941E+17 0.8074318767E+05 0.9415333290E+00
0.1250000000E+04 0.2618800104E+17 0.8408253789E+05 0.9413283347E+00
0.1300000000E+04 0.2618699968E+17 0.8742060661E+05 0.9411150230E+00
0.1350000000E+04 0.2618599832E+17 0.9075812101E+05 0.9408933999E+00
0.1400000000E+04 0.2618399858E+17 0.9409590364E+05 0.9406634717E+00
0.1450000000E+04 0.2618200183E+17 0.9743544459E+05 0.9404252450E+00
0.1500000000E+04 0.2618000209E+17 0.1007792711E+06 0.9401787265E+00
0.1550000000E+04 0.2617799938E+17 0.1041304827E+06 0.9399239231E+00
0.1600000000E+04 0.2617599964E+17 0.1074919939E+06 0.9396608423E+00
0.1650000000E+04 0.2617499828E+17 0.1108663440E+06 0.9393894915E+00
0.1700000000E+04 0.2617399991E+17 0.1142563701E+06 0.9391098785E+00
0.1750000000E+04 0.2617399991E+17 0.1176659346E+06 0.9388220113E+00
0.1800000000E+04 0.2617499828E+17 0.1211000443E+06 0.9385258982E+00
0.1850000000E+04 0.2617700100E+17 0.1245644927E+06 0.9382215479E+00
0.1900000000E+04 0.2618100047E+17 0.1280658960E+06 0.9379089690E+00
0.1950000000E+04 0.2618699968E+17 0.1316114068E+06 0.9375881708E+00
0.2000000000E+04 0.2619499862E+17 0.1352077723E+06 0.9372591625E+00
0.2050000000E+04 0.2620700002E+17 0.1388608575E+06 0.9369219538E+00
0.2100000000E+04 0.2622199953E+17 0.1425767541E+06 0.9365765545E+00
0.2150000000E+04 0.2624199986E+17 0.1463632464E+06 0.9362229748E+00
0.2200000000E+04 0.2626599967E+17 0.1502291799E+06 0.9358612251E+00
0.2250000000E+04 0.2629500031E+17 0.1541826129E+06 0.9354913162E+00
0.2300000000E+04 0.2633099854E+17 0.1582304716E+06 0.9351132589E+00
0.2350000000E+04 0.2637299895E+17 0.1623800397E+06 0.9347270646E+00
0.2400000000E+04 0.2642199993E+17 0.1666399121E+06 0.9343327448E+00
0.2450000000E+04 0.2648000121E+17 0.1710192204E+06 0.9339303113E+00
0.2500000000E+04 0.2654699981E+17 0.1755262136E+06 0.9335197761E+00
0.2550000000E+04 0.2662299871E+17 0.1801678896E+06 0.9331011518E+00
0.2600000000E+04 0.2670899928E+17 0.1849504709E+06 0.9326744509E+00
0.2650000000E+04 0.2680799961E+17 0.1898793697E+06 0.9322396865E+00
0.2700000000E+04 0.2691700161E+17 0.1949585319E+06 0.9317968717E+00
0.2750000000E+04 0.2703999877E+17 0.2001916170E+06 0.9313460201E+00
0.2800000000E+04 0.2717599869E+17 0.2055855751E+06 0.9308871456E+00
0.2850000000E+04 0.2732500136E+17 0.2111502171E+06 0.9304202623E+00
0.2900000000E+04 0.2749000192E+17 0.2168917179E+06 0.9299453847E+00
0.2950000000E+04 0.2766900063E+17 0.2228086948E+06 0.9294625275E+00
0.3000000000E+04 0.2786599994E+17 0.2288988113E+06 0.9289717057E+00
0.3050000000E+04 0.2807900012E+17 0.2351680517E+06 0.9284729347E+00
0.3100000000E+04 0.2830699980E+17 0.2416287899E+06 0.9279662303E+00
0.3150000000E+04 0.2855499983E+17 0.2482856750E+06 0.9274516083E+00
0.3200000000E+04 0.2881999910E+17 0.2551292896E+06 0.9269290851E+00
0.3250000000E+04 0.2910600007E+17 0.2621483564E+06 0.9263986773E+00
0.3300000000E+04 0.2940900028E+17 0.2693431854E+06 0.9258604018E+00
0.3350000000E+04 0.2973099947E+17 0.2767198563E+06 0.9253142759E+00
0.3400000000E+04 0.3007400036E+17 0.2842789412E+06 0.9247603171E+00
0.3450000000E+04 0.3043799996E+17 0.2920190096E+06 0.9241985434E+00
0.3500000000E+04 0.3081800044E+17 0.2999396324E+06 0.9236289730E+00
0.3550000000E+04 0.3122299910E+17 0.3080370426E+06 0.9230516245E+00
0.3600000000E+04 0.3164599836E+17 0.3163086176E+06 0.9224665167E+00
0.3650000000E+04 0.3208900094E+17 0.3247537136E+06 0.9218736689E+00
0.3700000000E+04 0.3255400062E+17 0.3333674669E+06 0.9212731006E+00
0.3750000000E+04 0.3304100037E+17 0.3421456814E+06 0.9206648318E+00
0.3800000000E+04 0.3354400098E+17 0.3510869980E+06 0.9200488828E+00
0.3850000000E+04 0.3407399952E+17 0.3601854324E+06 0.9194252740E+00
0.3900000000E+04 0.3461900055E+17 0.3694342375E+06 0.9187940265E+00
0.3950000000E+04 0.3518599868E+17 0.3788186550E+06 0.9181551616E+00
0.4000000000E+04 0.3577499986E+17 0.3883025408E+06 0.9175087009E+00
0.4050000000E+04 0.3638499975E+17 0.3978718758E+06 0.9168546663E+00
0.4100000000E+04 0.3700799942E+17 0.4075808048E+06 0.9161930803E+00
0.4150000000E+04 0.3765199780E+17 0.4174893379E+06 0.9155239656E+00
0.4200000000E+04 0.3831599951E+17 0.4275625706E+06 0.9148473452E+00
0.4250000000E+04 0.3900099993E+17 0.4376955509E+06 0.9141632425E+00
0.4300000000E+04 0.3970600069E+17 0.4478460789E+06 0.9134716815E+00
0.4350000000E+04 0.4042099714E+17 0.4580810547E+06 0.9127726861E+00
0.4400000000E+04 0.4115599990E+17 0.4684686661E+06 0.9120662810E+00
0.4450000000E+04 0.4190899730E+17 0.4789983273E+06 0.9113524911E+00
0.4500000000E+04 0.4268200099E+17 0.4896304131E+06 0.9106313416E+00
0.4550000000E+04 0.4346100092E+17 0.5003279686E+06 0.9099028582E+00
0.4600000000E+04 0.4427000284E+17 0.5110296249E+06 0.9091670669E+00
0.4650000000E+04 0.4508500099E+17 0.5217104912E+06 0.9084239941E+00
0.4700000000E+04 0.4591700137E+17 0.5324484348E+06 0.9076736667E+00
0.4750000000E+04 0.4675299823E+17 0.5433211327E+06 0.9069161117E+00
0.4800000000E+04 0.4761700034E+17 0.5542847633E+06 0.9061513567E+00
0.4850000000E+04 0.4848500192E+17 0.5652323246E+06 0.9053794296E+00
0.4900000000E+04 0.4936800003E+17 0.5761263371E+06 0.9046003588E+00
0.4950000000E+04 0.5026499629E+17 0.5870466709E+06 0.9038141730E+00
0.5000000000E+04 0.5116299987E+17 0.5980982780E+06 0.9030209012E+00
0.5050000000E+04 0.5207400322E+17 0.6092758656E+06 0.9022205730E+00
0.5100000000E+04 0.5301300287E+17 0.6205051899E+06 0.9014132182E+00
0.5150000000E+04 0.5393500328E+17 0.6317631721E+06 0.9005988671E+00
0.5200000000E+04 0.5488499999E+17 0.6430177212E+06 0.8997775503E+00
0.5250000000E+04 0.5584700108E+17 0.6541976452E+06 0.8989492989E+00
0.5300000000E+04 0.5680400133E+17 0.6653275967E+06 0.8981141444E+00
0.5350000000E+04 0.5777199864E+17 0.6764734268E+06 0.8972721186E+00
0.5400000000E+04 0.5875099897E+17 0.6875663757E+06 0.8964232538E+00
0.5450000000E+04 0.5974000096E+17 0.6985418797E+06 0.8955675826E+00
0.5500000000E+04 0.6072100401E+17 0.7095609665E+06 0.8947051380E+00
0.5550000000E+04 0.6171100140E+17 0.7208575726E+06 0.8938359535E+00
0.5600000000E+04 0.6270999908E+17 0.7324285984E+06 0.8929600629E+00
0.5650000000E+04 0.6371700168E+17 0.7439980030E+06 0.8920775005E+00
0.5700000000E+04 0.6473199725E+17 0.7552673340E+06 0.8911883009E+00
0.5750000000E+04 0.6575599909E+17 0.7662044048E+06 0.8902924992E+00
0.5800000000E+04 0.6676599979E+17 0.7770605087E+06 0.8893901307E+00
0.5850000000E+04 0.6778399944E+17 0.7880534172E+06 0.8884812314E+00
0.5900000000E+04 0.6880800128E+17 0.7991628170E+06 0.8875658375E+00
0.5950000000E+04 0.6983799934E+17 0.8102937698E+06 0.8866439856E+00
0.6000000000E+04 0.7085300088E+17 0.8214159012E+06 0.8857157128E+00
0.6050000000E+04 0.7189399600E+17 0.8325184822E+06 0.8847810564E+00
0.6100000000E+04 0.7291899920E+17 0.8436405182E+06 0.8838400544E+00
0.6150000000E+04 0.7394900322E+17 0.8548574448E+06 0.8828927449E+00
0.6200000000E+04 0.7498300076E+17 0.8660714149E+06 0.8819391667E+00
0.6250000000E+04 0.7602099776E+17 0.8770506859E+06 0.8809793586E+00
0.6300000000E+04 0.7706399560E+17 0.8878456116E+06 0.8800133602E+00
0.6350000000E+04 0.7808600068E+17 0.8988206863E+06 0.8790412112E+00
0.6400000000E+04 0.7911199927E+17 0.9100494385E+06 0.8780629518E+00
0.6450000000E+04 0.8016400337E+17 0.9210889816E+06 0.8770786227E+00
0.6500000000E+04 0.8119499683E+17 0.9316371918E+06 0.8760882647E+00
0.6550000000E+04 0.8222899437E+17 0.9420174599E+06 0.8750919193E+00
0.6600000000E+04 0.8323999643E+17 0.9527323723E+06 0.8740896282E+00
0.6650000000E+04 0.8427799344E+17 0.9638439178E+06 0.8730814335E+00
0.6700000000E+04 0.8529300094E+17 0.9749959946E+06 0.8720673777E+00
0.6750000000E+04 0.8633399606E+17 0.9858741760E+06 0.8710475037E+00
0.6800000000E+04 0.8735100031E+17 0.9964830399E+06 0.8700218547E+00
0.6850000000E+04 0.8836900592E+17 0.1006975746E+07 0.8689904744E+00
0.6900000000E+04 0.8938800097E+17 0.1017406654E+07 0.8679534067E+00
0.6950000000E+04 0.9040700197E+17 0.1027792358E+07 0.8669106960E+00
0.7000000000E+04 0.9140099883E+17 0.1038238049E+07 0.8658623870E+00
0.7050000000E+04 0.9242099524E+17 0.1048900032E+07 0.8648085247E+00
0.7100000000E+04 0.9341499805E+17 0.1059857845E+07 0.8637491547E+00
0.7150000000E+04 0.9440900087E+17 0.1070874214E+07 0.8626843226E+00
0.7200000000E+04 0.9542900324E+17 0.1081416512E+07 0.8616140746E+00
0.7250000000E+04 0.9642100334E+17 0.1091322327E+07 0.8605384571E+00
0.7300000000E+04 0.9741300344E+17 0.1101184750E+07 0.8594575170E+00
0.7350000000E+04 0.9837700129E+17 0.1111604691E+07 0.8583713013E+00
0.7400000000E+04 0.9936800003E+17 0.1122423363E+07 0.8572798575E+00
0.7450000000E+04 0.1003600001E+18 0.1133090591E+07 0.8561832335E+00
0.7500000000E+04 0.1013199925E+18 0.1143347645E+07 0.8550814773E+00
0.7550000000E+04 0.1023000002E+18 0.1153284359E+07 0.8539746374E+00
0.7600000000E+04 0.1032600045E+18 0.1163160896E+07 0.8528627624E+00
0.7650000000E+04 0.1042199969E+18 0.1173291016E+07 0.8517459014E+00
0.7700000000E+04 0.1051699996E+18 0.1183814430E+07 0.8506241038E+00
0.7750000000E+04 0.1061200023E+18 0.1194591331E+07 0.8494974191E+00
0.7800000000E+04 0.1070700049E+18 0.1205340195E+07 0.8483658972E+00
0.7850000000E+04 0.1080199957E+18 0.1215763378E+07 0.8472295885E+00
0.7900000000E+04 0.1089699984E+18 0.1225710201E+07 0.8460885432E+00
0.7950000000E+04 0.1099099994E+18 0.1235394573E+07 0.8449428123E+00
0.8000000000E+04 0.1108299971E+18 0.1245242214E+07 0.8437924466E+00
0.8050000000E+04 0.1117700100E+18 0.1255381584E+07 0.8426374974E+00
0.8100000000E+04 0.1126699924E+18 0.1265474987E+07 0.8414780162E+00
0.8150000000E+04 0.1136100054E+18 0.1275179291E+07 0.8403140548E+00
0.8200000000E+04 0.1145099998E+18 0.1284625435E+07 0.8391456652E+00
0.8250000000E+04 0.1154099941E+18 0.1294262505E+07 0.8379728995E+00
0.8300000000E+04 0.1163100004E+18 0.1304328918E+07 0.8367958103E+00
0.8350000000E+04 0.1172000051E+18 0.1314680099E+07 0.8356144501E+00
0.8400000000E+04 0.1180999994E+18 0.1324997234E+07 0.8344288718E+00
0.8450000000E+04 0.1189800024E+18 0.1334967232E+07 0.8332391284E+00
0.8500000000E+04 0.1198700070E+18 0.1344514084E+07 0.8320452733E+00
0.8550000000E+04 0.1207499981E+18 0.1354004288E+07 0.8308473598E+00
0.8600000000E+04 0.1215999961E+18 0.1363845348E+07 0.8296454415E+00
0.8650000000E+04 0.1224799991E+18 0.1373878098E+07 0.8284395722E+00
0.8700000000E+04 0.1233500004E+18 0.1383618736E+07 0.8272298059E+00
0.8750000000E+04 0.1241999984E+18 0.1392956257E+07 0.8260161966E+00
0.8800000000E+04 0.1250599980E+18 0.1402255440E+07 0.8247987986E+00
0.8850000000E+04 0.1258999944E+18 0.1411889076E+07 0.8235776662E+00
0.8900000000E+04 0.1267300010E+18 0.1421744442E+07 0.8223528539E+00
0.8950000000E+04 0.1275900006E+18 0.1431310844E+07 0.8211244163E+00
0.9000000000E+04 0.1284099936E+18 0.1440418243E+07 0.8198924081E+00
0.9050000000E+04 0.1292299986E+18 0.1449505806E+07 0.8186568842E+00
0.9100000000E+04 0.1300500035E+18 0.1458978176E+07 0.8174178994E+00
0.9150000000E+04 0.1308599949E+18 0.1468786335E+07 0.8161755088E+00
0.9200000000E+04 0.1316699982E+18 0.1478685951E+07 0.8149297674E+00
0.9250000000E+04 0.1324800014E+18 0.1488436699E+07 0.8136807303E+00
0.9300000000E+04 0.1332800031E+18 0.1497768307E+07 0.8124284527E+00
0.9350000000E+04 0.1340799928E+18 0.1506635475E+07 0.8111729899E+00
0.9400000000E+04 0.1348800063E+18 0.1515567875E+07 0.8099143971E+00
0.9450000000E+04 0.1356400013E+18 0.1525182724E+07 0.8086527296E+00
0.9500000000E+04 0.1364300013E+18 0.1535219479E+07 0.8073880427E+00
0.9550000000E+04 0.1372099996E+18 0.1544773865E+07 0.8061203918E+00
0.9600000000E+04 0.1379999995E+18 0.1553569508E+07 0.8048498321E+00
0.9650000000E+04 0.1387400031E+18 0.1562198067E+07 0.8035764190E+00
0.9700000000E+04 0.1395200014E+18 0.1571091843E+07 0.8023002079E+00
0.9750000000E+04 0.1402600050E+18 0.1580064106E+07 0.8010212539E+00
0.9800000000E+04 0.1410200000E+18 0.1588956261E+07 0.7997396122E+00
0.9850000000E+04 0.1417600036E+18 0.1598013306E+07 0.7984553382E+00
0.9900000000E+04 0.1424899936E+18 0.1607365608E+07 0.7971684869E+00
0.9950000000E+04 0.1432399988E+18 0.1616796112E+07 0.7958791134E+00
0.1000000000E+05 0.1439599991E+18 0.1626174164E+07 0.7945872727E+00
0.1005000000E+05 0.1446799994E+18 0.1635407448E+07 0.7932930197E+00
0.1010000000E+05 0.1454299927E+18 0.1644183540E+07 0.7919964092E+00
0.1015000000E+05 0.1461400032E+18 0.1652574158E+07 0.7906974959E+00
0.1020000000E+05 0.1468400002E+18 0.1661384392E+07 0.7893963345E+00
0.1025000000E+05 0.1475499988E+18 0.1671126175E+07 0.7880929794E+00
0.1030000000E+05 0.1482500076E+18 0.1681127357E+07 0.7867874851E+00
0.1035000000E+05 0.1489699960E+18 0.1690310669E+07 0.7854799057E+00
0.1040000000E+05 0.1496700048E+18 0.1698536873E+07 0.7841702953E+00
0.1045000000E+05 0.1503600001E+18 0.1706567192E+07 0.7828587079E+00
0.1050000000E+05 0.1510399938E+18 0.1714873505E+07 0.7815451972E+00
0.1055000000E+05 0.1517199993E+18 0.1723134804E+07 0.7802298168E+00
0.1060000000E+05 0.1524000049E+18 0.1731034279E+07 0.7789126201E+00
0.1065000000E+05 0.1530700088E+18 0.1739066505E+07 0.7775936603E+00
0.1070000000E+05 0.1537100077E+18 0.1748049927E+07 0.7762729905E+00
0.1075000000E+05 0.1543799996E+18 0.1757963562E+07 0.7749506635E+00
0.1080000000E+05 0.1550400019E+18 0.1767825699E+07 0.7736267319E+00
0.1085000000E+05 0.1557000041E+18 0.1776720428E+07 0.7723012481E+00
0.1090000000E+05 0.1563500047E+18 0.1784641838E+07 0.7709742642E+00
0.1095000000E+05 0.1570100069E+18 0.1792482376E+07 0.7696458322E+00
0.1100000000E+05 0.1576200128E+18 0.1801096916E+07 0.7683160037E+00
0.1105000000E+05 0.1582699895E+18 0.1810229874E+07 0.7669848301E+00
0.1110000000E+05 0.1589099884E+18 0.1818953705E+07 0.7656523626E+00
0.1115000000E+05 0.1595399976E+18 0.1827121544E+07 0.7643186522E+00
0.1120000000E+05 0.1601500034E+18 0.1835352707E+07 0.7629837493E+00
0.1125000000E+05 0.1607800007E+18 0.1843865967E+07 0.7616477044E+00
0.1130000000E+05 0.1613999963E+18 0.1852453995E+07 0.7603105676E+00
0.1135000000E+05 0.1619899988E+18 0.1861048889E+07 0.7589723884E+00
0.1140000000E+05 0.1626100063E+18 0.1869497299E+07 0.7576332165E+00
0.1145000000E+05 0.1632299900E+18 0.1877544212E+07 0.7562931010E+00
0.1150000000E+05 0.1638100028E+18 0.1885355949E+07 0.7549520906E+00
0.1155000000E+05 0.1644200087E+18 0.1893377686E+07 0.7536102339E+00
0.1160000000E+05 0.1649899960E+18 0.1901841736E+07 0.7522675790E+00
0.1165000000E+05 0.1655900121E+18 0.1910756302E+07 0.7509241739E+00
0.1170000000E+05 0.1661599994E+18 0.1919870377E+07 0.7495800660E+00
0.1175000000E+05 0.1667499900E+18 0.1928580856E+07 0.7482353025E+00
0.1180000000E+05 0.1673400044E+18 0.1936414146E+07 0.7468899301E+00
0.1185000000E+05 0.1678999901E+18 0.1943544960E+07 0.7455439955E+00
0.1190000000E+05 0.1684800029E+18 0.1950645065E+07 0.7441975445E+00
0.1195000000E+05 0.1690299988E+18 0.1958389473E+07 0.7428506231E+00
0.1200000000E+05 0.1695799947E+18 0.1966959381E+07 0.7415032765E+00
0.1205000000E+05 0.1701500058E+18 0.1975884819E+07 0.7401555498E+00
0.1210000000E+05 0.1706900120E+18 0.1984592628E+07 0.7388074875E+00
0.1215000000E+05 0.1712599993E+18 0.1992956161E+07 0.7374591339E+00
0.1220000000E+05 0.1717900038E+18 0.2001119232E+07 0.7361105329E+00
0.1225000000E+05 0.1723499894E+18 0.2009071732E+07 0.7347617278E+00
0.1230000000E+05 0.1728699923E+18 0.2016659164E+07 0.7334127618E+00
0.1235000000E+05 0.1734200120E+18 0.2023989296E+07 0.7320636774E+00
0.1240000000E+05 0.1739400029E+18 0.2031503296E+07 0.7307145170E+00
0.1245000000E+05 0.1744600058E+18 0.2039379311E+07 0.7293653225E+00
0.1250000000E+05 0.1750000000E+18 0.2047379684E+07 0.7280161352E+00
0.1255000000E+05 0.1755100131E+18 0.2055507088E+07 0.7266669962E+00
0.1260000000E+05 0.1760099888E+18 0.2063977814E+07 0.7253179461E+00
0.1265000000E+05 0.1765500069E+18 0.2072486305E+07 0.7239690251E+00
0.1270000000E+05 0.1770399928E+18 0.2080403137E+07 0.7226202731E+00
0.1275000000E+05 0.1775699973E+18 0.2087715912E+07 0.7212717293E+00
0.1280000000E+05 0.1780599952E+18 0.2095047760E+07 0.7199234327E+00
0.1285000000E+05 0.1785500050E+18 0.2102719116E+07 0.7185754220E+00
0.1290000000E+05 0.1790700078E+18 0.2110501480E+07 0.7172277350E+00
0.1295000000E+05 0.1795500040E+18 0.2118264008E+07 0.7158804096E+00
0.1300000000E+05 0.1800300002E+18 0.2126057053E+07 0.7145334829E+00
0.1305000000E+05 0.1805299997E+18 0.2133801270E+07 0.7131869919E+00
0.1310000000E+05 0.1810000062E+18 0.2141497231E+07 0.7118409727E+00
0.1315000000E+05 0.1814700007E+18 0.2149223900E+07 0.7104954614E+00
0.1320000000E+05 0.1819700003E+18 0.2156901550E+07 0.7091504936E+00
0.1325000000E+05 0.1824300051E+18 0.2164533615E+07 0.7078061042E+00
0.1330000000E+05 0.1828899980E+18 0.2172201920E+07 0.7064623280E+00
0.1335000000E+05 0.1833800077E+18 0.2179826546E+07 0.7051191991E+00
0.1340000000E+05 0.1838299990E+18 0.2187405014E+07 0.7037767513E+00
0.1345000000E+05 0.1842800021E+18 0.2195012474E+07 0.7024350179E+00
0.1350000000E+05 0.1847599983E+18 0.2202565193E+07 0.7010940320E+00
0.1355000000E+05 0.1851999998E+18 0.2210066414E+07 0.6997538258E+00
0.1360000000E+05 0.1856400013E+18 0.2217601776E+07 0.6984144316E+00
0.1365000000E+05 0.1861100078E+18 0.2225093269E+07 0.6970758808E+00
0.1370000000E+05 0.1865499973E+18 0.2232538605E+07 0.6957382046E+00
0.1375000000E+05 0.1869799972E+18 0.2240015984E+07 0.6944014338E+00
0.1380000000E+05 0.1874400020E+18 0.2247446060E+07 0.6930655987E+00
0.1385000000E+05 0.1878600001E+18 0.2254832840E+07 0.6917307292E+00
0.1390000000E+05 0.1882899880E+18 0.2262254715E+07 0.6903968547E+00
0.1395000000E+05 0.1887400031E+18 0.2269624329E+07 0.6890640042E+00
0.1400000000E+05 0.1891499996E+18 0.2276944160E+07 0.6877322063E+00
0.1405000000E+05 0.1895699978E+18 0.2284304619E+07 0.6864014892E+00
0.1410000000E+05 0.1900100112E+18 0.2291624641E+07 0.6850718807E+00
0.1415000000E+05 0.1904200077E+18 0.2298897362E+07 0.6837434079E+00
0.1420000000E+05 0.1908200026E+18 0.2306204605E+07 0.6824160979E+00
0.1425000000E+05 0.1912500024E+18 0.2313498688E+07 0.6810899771E+00
0.1430000000E+05 0.1916499972E+18 0.2320915985E+07 0.6797650716E+00
0.1435000000E+05 0.1920499921E+18 0.2328695679E+07 0.6784414069E+00
0.1440000000E+05 0.1924699903E+18 0.2336507797E+07 0.6771190085E+00
0.1445000000E+05 0.1928599954E+18 0.2343697357E+07 0.6757979010E+00
0.1450000000E+05 0.1932800055E+18 0.2350290298E+07 0.6744781088E+00
0.1455000000E+05 0.1936600089E+18 0.2357081985E+07 0.6731596561E+00
0.1460000000E+05 0.1940500021E+18 0.2364600754E+07 0.6718425663E+00
0.1465000000E+05 0.1944599986E+18 0.2372494125E+07 0.6705268627E+00
0.1470000000E+05 0.1948300123E+18 0.2380124664E+07 0.6692125681E+00
0.1475000000E+05 0.1952400088E+18 0.2387210655E+07 0.6678997049E+00
0.1480000000E+05 0.1956100106E+18 0.2393755531E+07 0.6665882950E+00
0.1485000000E+05 0.1960000038E+18 0.2400043106E+07 0.6652783602E+00
0.1490000000E+05 0.1963699937E+18 0.2406707382E+07 0.6639699217E+00
0.1495000000E+05 0.1967299938E+18 0.2414128494E+07 0.6626630002E+00
0.1500000000E+05 0.1971199989E+18 0.2421916008E+07 0.6613576163E+00
0.1505000000E+05 0.1974799991E+18 0.2429463005E+07 0.6600537900E+00
0.1510000000E+05 0.1978600025E+18 0.2436632156E+07 0.6587515411E+00
0.1515000000E+05 0.1982200027E+18 0.2443618011E+07 0.6574508889E+00
0.1520000000E+05 0.1985899925E+18 0.2450559807E+07 0.6561518523E+00
0.1525000000E+05 0.1989400029E+18 0.2457490540E+07 0.6548544500E+00
0.1530000000E+05 0.1993100047E+18 0.2464440155E+07 0.6535587001E+00
0.1535000000E+05 0.1996600032E+18 0.2471446800E+07 0.6522646206E+00
0.1540000000E+05 0.2000200033E+18 0.2478463936E+07 0.6509722290E+00
0.1545000000E+05 0.2003600121E+18 0.2485360909E+07 0.6496815424E+00
0.1550000000E+05 0.2007300138E+18 0.2492173004E+07 0.6483925777E+00
0.1555000000E+05 0.2010499954E+18 0.2499238968E+07 0.6471053513E+00
0.1560000000E+05 0.2014100075E+18 0.2506775284E+07 0.6458198793E+00
0.1565000000E+05 0.2017400026E+18 0.2514344215E+07 0.6445361775E+00
0.1570000000E+05 0.2020900011E+18 0.2521201706E+07 0.6432542614E+00
0.1575000000E+05 0.2024399996E+18 0.2527339554E+07 0.6419741461E+00
0.1580000000E+05 0.2027600050E+18 0.2533658218E+07 0.6406958463E+00
0.1585000000E+05 0.2030999899E+18 0.2540791893E+07 0.6394193765E+00
0.1590000000E+05 0.2034199953E+18 0.2548255157E+07 0.6381447509E+00
0.1595000000E+05 0.2037600040E+18 0.2555207443E+07 0.6368719833E+00
0.1600000000E+05 0.2041000128E+18 0.2561697578E+07 0.6356010870E+00
0.1605000000E+05 0.2043999910E+18 0.2568444061E+07 0.6343320755E+00
0.1610000000E+05 0.2047299862E+18 0.2575617218E+07 0.6330649614E+00
0.1615000000E+05 0.2050600052E+18 0.2582730484E+07 0.6317997574E+00
0.1620000000E+05 0.2053600073E+18 0.2589419174E+07 0.6305364758E+00
0.1625000000E+05 0.2056900024E+18 0.2595699310E+07 0.6292751285E+00
0.1630000000E+05 0.2060100079E+18 0.2602037811E+07 0.6280157272E+00
0.1635000000E+05 0.2062999964E+18 0.2609087944E+07 0.6267582833E+00
0.1640000000E+05 0.2066100121E+18 0.2616666794E+07 0.6255028079E+00
0.1645000000E+05 0.2069299936E+18 0.2623824692E+07 0.6242493118E+00
0.1650000000E+05 0.2072400093E+18 0.2630400658E+07 0.6229978056E+00
0.1655000000E+05 0.2075299978E+18 0.2637228012E+07 0.6217482995E+00
0.1660000000E+05 0.2078399897E+18 0.2644503021E+07 0.6205008034E+00
0.1665000000E+05 0.2081400156E+18 0.2651255417E+07 0.6192553272E+00
0.1670000000E+05 0.2084399939E+18 0.2656864738E+07 0.6180118803E+00
0.1675000000E+05 0.2087499857E+18 0.2662238693E+07 0.6167704718E+00
0.1680000000E+05 0.2090100050E+18 0.2668796349E+07 0.6155311106E+00
0.1685000000E+05 0.2093100071E+18 0.2676672363E+07 0.6142938056E+00
0.1690000000E+05 0.2095999956E+18 0.2684732246E+07 0.6130585650E+00
0.1695000000E+05 0.2098900080E+18 0.2692086601E+07 0.6118253971E+00
0.1700000000E+05 0.2101799965E+18 0.2698674202E+07 0.6105943098E+00
0.1705000000E+05 0.2104699850E+18 0.2704626083E+07 0.6093653108E+00
0.1710000000E+05 0.2107500076E+18 0.2710091782E+07 0.6081384075E+00
0.1715000000E+05 0.2110399961E+18 0.2715678024E+07 0.6069136072E+00
0.1720000000E+05 0.2112900019E+18 0.2722153091E+07 0.6056909168E+00
0.1725000000E+05 0.2115700006E+18 0.2729516983E+07 0.6044703432E+00
0.1730000000E+05 0.2118499994E+18 0.2737000847E+07 0.6032518927E+00
0.1735000000E+05 0.2121200085E+18 0.2744028091E+07 0.6020355718E+00
0.1740000000E+05 0.2123899937E+18 0.2750659943E+07 0.6008213866E+00
0.1745000000E+05 0.2126600027E+18 0.2757274628E+07 0.5996093429E+00
0.1750000000E+05 0.2129299879E+18 0.2764252853E+07 0.5983994464E+00
0.1755000000E+05 0.2131999969E+18 0.2771660233E+07 0.5971917026E+00
0.1760000000E+05 0.2134599924E+18 0.2778932571E+07 0.5959861166E+00
0.1765000000E+05 0.2137399912E+18 0.2785316086E+07 0.5947826937E+00
0.1770000000E+05 0.2139999866E+18 0.2790813255E+07 0.5935814386E+00
0.1775000000E+05 0.2142599821E+18 0.2796181107E+07 0.5923823559E+00
0.1780000000E+05 0.2145099878E+18 0.2802017593E+07 0.5911854503E+00
0.1785000000E+05 0.2147599936E+18 0.2808464813E+07 0.5899907258E+00
0.1790000000E+05 0.2150099993E+18 0.2815640259E+07 0.5887981868E+00
0.1795000000E+05 0.2152600050E+18 0.2823474121E+07 0.5876078369E+00
0.1800000000E+05 0.2155100107E+18 0.2831124496E+07 0.5864196801E+00
0.1805000000E+05 0.2157799959E+18 0.2837603760E+07 0.5852337197E+00
0.1810000000E+05 0.2160300016E+18 0.2843170166E+07 0.5840499593E+00
0.1815000000E+05 0.2162699938E+18 0.2848983955E+07 0.5828684020E+00
0.1820000000E+05 0.2164999962E+18 0.2855353546E+07 0.5816890509E+00
0.1825000000E+05 0.2167600155E+18 0.2861660385E+07 0.5805119088E+00
0.1830000000E+05 0.2169899940E+18 0.2867899132E+07 0.5793369785E+00
0.1835000000E+05 0.2172299862E+18 0.2874695969E+07 0.5781642625E+00
0.1840000000E+05 0.2174600124E+18 0.2881864548E+07 0.5769937631E+00
0.1845000000E+05 0.2177200079E+18 0.2888539505E+07 0.5758254827E+00
0.1850000000E+05 0.2179399967E+18 0.2894703102E+07 0.5746594233E+00
0.1855000000E+05 0.2181699991E+18 0.2901153183E+07 0.5734955869E+00
0.1860000000E+05 0.2184099913E+18 0.2908049583E+07 0.5723339752E+00
0.1865000000E+05 0.2186300039E+18 0.2914636230E+07 0.5711745899E+00
0.1870000000E+05 0.2188800097E+18 0.2920453453E+07 0.5700174326E+00
0.1875000000E+05 0.2190999985E+18 0.2926079178E+07 0.5688625045E+00
0.1880000000E+05 0.2193099976E+18 0.2932364845E+07 0.5677098069E+00
0.1885000000E+05 0.2195499897E+18 0.2939368820E+07 0.5665593409E+00
0.1890000000E+05 0.2197600126E+18 0.2946521378E+07 0.5654111076E+00
0.1895000000E+05 0.2200000048E+18 0.2953504944E+07 0.5642651076E+00
0.1900000000E+05 0.2201999903E+18 0.2960319901E+07 0.5631213417E+00
0.1905000000E+05 0.2204300165E+18 0.2966722488E+07 0.5619798106E+00
0.1910000000E+05 0.2206599951E+18 0.2972455406E+07 0.5608405146E+00
0.1915000000E+05 0.2208699942E+18 0.2977995682E+07 0.5597034542E+00
0.1920000000E+05 0.2210900068E+18 0.2984173584E+07 0.5585686295E+00
0.1925000000E+05 0.2212800026E+18 0.2990999222E+07 0.5574360406E+00
0.1930000000E+05 0.2215100050E+18 0.2997733498E+07 0.5563056877E+00
0.1935000000E+05 0.2217200041E+18 0.3004054260E+07 0.5551775705E+00
0.1940000000E+05 0.2219199896E+18 0.3010229301E+07 0.5540516888E+00
0.1945000000E+05 0.2221400023E+18 0.3016408157E+07 0.5529280423E+00
0.1950000000E+05 0.2223500013E+18 0.3022704315E+07 0.5518066307E+00
0.1955000000E+05 0.2225399971E+18 0.3029377747E+07 0.5506874533E+00
0.1960000000E+05 0.2227499962E+18 0.3036149216E+07 0.5495705095E+00
0.1965000000E+05 0.2229599953E+18 0.3042295456E+07 0.5484557986E+00
0.1970000000E+05 0.2231699944E+18 0.3047930527E+07 0.5473433197E+00
0.1975000000E+05 0.2233500004E+18 0.3054061890E+07 0.5462330721E+00
0.1980000000E+05 0.2235500097E+18 0.3061068916E+07 0.5451250545E+00
0.1985000000E+05 0.2237499952E+18 0.3068107986E+07 0.5440192660E+00
0.1990000000E+05 0.2239500046E+18 0.3074196434E+07 0.5429157053E+00
0.1995000000E+05 0.2241499901E+18 0.3079340553E+07 0.5418143712E+00
0.2000000000E+05 0.2243499994E+18 0.3084541321E+07 0.5407152623E+00
0.2005000000E+05 0.2245199919E+18 0.3090750504E+07 0.5396183772E+00
0.2010000000E+05 0.2247099876E+18 0.3097855759E+07 0.5385237143E+00
0.2015000000E+05 0.2249000072E+18 0.3104985619E+07 0.5374312720E+00
0.2020000000E+05 0.2250999928E+18 0.3111599922E+07 0.5363410487E+00
0.2025000000E+05 0.2252799988E+18 0.3117797661E+07 0.5352530425E+00
0.2030000000E+05 0.2254699945E+18 0.3123820686E+07 0.5341672517E+00
0.2035000000E+05 0.2256500006E+18 0.3129840279E+07 0.5330836744E+00
0.2040000000E+05 0.2258399963E+18 0.3136172676E+07 0.5320023084E+00
0.2045000000E+05 0.2260200024E+18 0.3143106651E+07 0.5309231519E+00
0.2050000000E+05 0.2261899948E+18 0.3150242043E+07 0.5298462027E+00
0.2055000000E+05 0.2263900042E+18 0.3156628227E+07 0.5287714586E+00
0.2060000000E+05 0.2265799999E+18 0.3161981201E+07 0.5276989174E+00
0.2065000000E+05 0.2267499924E+18 0.3167168808E+07 0.5266285767E+00
0.2070000000E+05 0.2269299984E+18 0.3173186302E+07 0.5255604342E+00
0.2075000000E+05 0.2270900011E+18 0.3180070114E+07 0.5244944875E+00
0.2080000000E+05 0.2272700071E+18 0.3186911392E+07 0.5234307340E+00
0.2085000000E+05 0.2274600029E+18 0.3192931747E+07 0.5223691711E+00
0.2090000000E+05 0.2276200056E+18 0.3198479652E+07 0.5213097964E+00
0.2095000000E+05 0.2277899981E+18 0.3204481125E+07 0.5202526071E+00
0.2100000000E+05 0.2279599905E+18 0.3211047745E+07 0.5191976005E+00
0.2105000000E+05 0.2281399965E+18 0.3217523956E+07 0.5181447738E+00
0.2110000000E+05 0.2283099890E+18 0.3223646164E+07 0.5170941242E+00
0.2115000000E+05 0.2284600019E+18 0.3229647064E+07 0.5160456489E+00
0.2120000000E+05 0.2286400080E+18 0.3235638428E+07 0.5149993449E+00
0.2125000000E+05 0.2288100004E+18 0.3241749191E+07 0.5139552092E+00
0.2130000000E+05 0.2289599895E+18 0.3248210526E+07 0.5129132389E+00
0.2135000000E+05 0.2291300058E+18 0.3254822540E+07 0.5118734308E+00
0.2140000000E+05 0.2292900085E+18 0.3261091995E+07 0.5108357819E+00
0.2145000000E+05 0.2294600010E+18 0.3267004013E+07 0.5098002890E+00
0.2150000000E+05 0.2296099901E+18 0.3272951889E+07 0.5087669490E+00
0.2155000000E+05 0.2297799826E+18 0.3279015732E+07 0.5077357586E+00
0.2160000000E+05 0.2299299955E+18 0.3284948349E+07 0.5067067145E+00
0.2165000000E+05 0.2301000118E+18 0.3290771484E+07 0.5056798134E+00
0.2170000000E+05 0.2302400112E+18 0.3296861267E+07 0.5046550520E+00
0.2175000000E+05 0.2303999901E+18 0.3303374481E+07 0.5036324269E+00
0.2180000000E+05 0.2305500031E+18 0.3309913254E+07 0.5026119346E+00
0.2185000000E+05 0.2307099819E+18 0.3316000366E+07 0.5015935718E+00
0.2190000000E+05 0.2308700085E+18 0.3321827316E+07 0.5005773350E+00
0.2195000000E+05 0.2309999943E+18 0.3328018188E+07 0.4995632205E+00
0.2200000000E+05 0.2311599970E+18 0.3334566879E+07 0.4985512250E+00
0.2205000000E+05 0.2313199997E+18 0.3340823746E+07 0.4975413447E+00
0.2210000000E+05 0.2314699888E+18 0.3346672821E+07 0.4965335761E+00
0.2215000000E+05 0.2316099882E+18 0.3352698898E+07 0.4955279155E+00
0.2220000000E+05 0.2317600012E+18 0.3359042358E+07 0.4945243593E+00
0.2225000000E+05 0.2319100142E+18 0.3365028000E+07 0.4935229038E+00
0.2230000000E+05 0.2320600033E+18 0.3370228577E+07 0.4925235452E+00
0.2235000000E+05 0.2322099924E+18 0.3375275803E+07 0.4915262799E+00
0.2240000000E+05 0.2323300123E+18 0.3381143951E+07 0.4905311039E+00
0.2245000000E+05 0.2324700117E+18 0.3387915039E+07 0.4895380136E+00
0.2250000000E+05 0.2326200008E+18 0.3394808960E+07 0.4885470051E+00
0.2255000000E+05 0.2327600002E+18 0.3401235580E+07 0.4875580746E+00
0.2260000000E+05 0.2328999996E+18 0.3407241440E+07 0.4865712182E+00
0.2265000000E+05 0.2330399990E+18 0.3413086319E+07 0.4855864320E+00
0.2270000000E+05 0.2331799984E+18 0.3418899918E+07 0.4846037121E+00
0.2275000000E+05 0.2333199978E+18 0.3424713898E+07 0.4836230546E+00
0.2280000000E+05 0.2334499836E+18 0.3430556488E+07 0.4826444556E+00
0.2285000000E+05 0.2335900068E+18 0.3436546326E+07 0.4816679111E+00
0.2290000000E+05 0.2337200165E+18 0.3442913437E+07 0.4806934170E+00
0.2295000000E+05 0.2338500023E+18 0.3449688339E+07 0.4797209694E+00
0.2300000000E+05 0.2339800119E+18 0.3456322479E+07 0.4787505644E+00
0.2305000000E+05 0.2341400146E+18 0.3462108994E+07 0.4777821978E+00
0.2310000000E+05 0.2342700005E+18 0.3467139435E+07 0.4768158656E+00
0.2315000000E+05 0.2343899965E+18 0.3472309494E+07 0.4758515638E+00
0.2320000000E+05 0.2345200062E+18 0.3478206253E+07 0.4748892883E+00
0.2325000000E+05 0.2346400023E+18 0.3484540176E+07 0.4739290350E+00
0.2330000000E+05 0.2347800016E+18 0.3490817642E+07 0.4729707998E+00
0.2335000000E+05 0.2348999977E+18 0.3496966553E+07 0.4720145785E+00
0.2340000000E+05 0.2350300074E+18 0.3503001785E+07 0.4710603672E+00
0.2345000000E+05 0.2351700068E+18 0.3508747482E+07 0.4701081616E+00
0.2350000000E+05 0.2352900028E+18 0.3514223099E+07 0.4691579576E+00
0.2355000000E+05 0.2353999853E+18 0.3519728851E+07 0.4682097510E+00
0.2360000000E+05 0.2355399847E+18 0.3525483322E+07 0.4672635377E+00
0.2365000000E+05 0.2356499910E+18 0.3531539536E+07 0.4663193135E+00
0.2370000000E+05 0.2357599974E+18 0.3537780762E+07 0.4653770742E+00
0.2375000000E+05 0.2358999968E+18 0.3543917847E+07 0.4644368157E+00
0.2380000000E+05 0.2360100031E+18 0.3549871063E+07 0.4634985337E+00
0.2385000000E+05 0.2361399889E+18 0.3555902100E+07 0.4625622240E+00
0.2390000000E+05 0.2362499952E+18 0.3562071609E+07 0.4616278825E+00
0.2395000000E+05 0.2363800049E+18 0.3568033600E+07 0.4606955048E+00
0.2400000000E+05 0.2365000010E+18 0.3573602295E+07 0.4597650869E+00
0.2405000000E+05 0.2366100073E+18 0.3579053497E+07 0.4588366244E+00
0.2410000000E+05 0.2367400169E+18 0.3584732437E+07 0.4579101131E+00
0.2415000000E+05 0.2368399858E+18 0.3590653229E+07 0.4569855488E+00
0.2420000000E+05 0.2369600058E+18 0.3596570206E+07 0.4560629273E+00
0.2425000000E+05 0.2370800018E+18 0.3602382278E+07 0.4551422443E+00
0.2430000000E+05 0.2371799946E+18 0.3608249283E+07 0.4542234955E+00
0.2435000000E+05 0.2372900009E+18 0.3614150620E+07 0.4533066767E+00
0.2440000000E+05 0.2374200106E+18 0.3619815826E+07 0.4523917836E+00
0.2445000000E+05 0.2375300169E+18 0.3625334167E+07 0.4514788120E+00
0.2450000000E+05 0.2376199961E+18 0.3631161499E+07 0.4505677577E+00
0.2455000000E+05 0.2377399921E+18 0.3637379074E+07 0.4496586163E+00
0.2460000000E+05 0.2378499985E+18 0.3643587112E+07 0.4487513836E+00
0.2465000000E+05 0.2379699945E+18 0.3649502563E+07 0.4478460554E+00
0.2470000000E+05 0.2380700111E+18 0.3655175781E+07 0.4469426273E+00
0.2475000000E+05 0.2381900072E+18 0.3660687637E+07 0.4460410951E+00
0.2480000000E+05 0.2382900000E+18 0.3666023254E+07 0.4451414546E+00
0.2485000000E+05 0.2383999825E+18 0.3671332550E+07 0.4442437014E+00
0.2490000000E+05 0.2384999990E+18 0.3677016830E+07 0.4433478314E+00
0.2495000000E+05 0.2385900021E+18 0.3683190918E+07 0.4424538402E+00
0.2500000000E+05 0.2387099981E+18 0.3689348984E+07 0.4415617235E+00
0.2505000000E+05 0.2388200045E+18 0.3695000076E+07 0.4406714772E+00
0.2510000000E+05 0.2389199972E+18 0.3700283051E+07 0.4397830970E+00
0.2515000000E+05 0.2390199900E+18 0.3705598450E+07 0.4388965786E+00
0.2520000000E+05 0.2391200066E+18 0.3711082458E+07 0.4380119177E+00
0.2525000000E+05 0.2392199993E+18 0.3716699219E+07 0.4371291101E+00
0.2530000000E+05 0.2393100023E+18 0.3722500610E+07 0.4362481516E+00
0.2535000000E+05 0.2394099951E+18 0.3728520584E+07 0.4353690379E+00
0.2540000000E+05 0.2394999981E+18 0.3734527588E+07 0.4344917647E+00
0.2545000000E+05 0.2396199942E+18 0.3740208054E+07 0.4336163278E+00
0.2550000000E+05 0.2397099972E+18 0.3745631790E+07 0.4327427230E+00
0.2555000000E+05 0.2398000002E+18 0.3751157761E+07 0.4318709460E+00
0.2560000000E+05 0.2398999929E+18 0.3756857681E+07 0.4310009926E+00
0.2565000000E+05 0.2400099993E+18 0.3762517929E+07 0.4301328586E+00
0.2570000000E+05 0.2400899887E+18 0.3768104935E+07 0.4292665397E+00
0.2575000000E+05 0.2401900053E+18 0.3773738861E+07 0.4284020318E+00
0.2580000000E+05 0.2402899981E+18 0.3779371262E+07 0.4275393306E+00
0.2585000000E+05 0.2403699875E+18 0.3784853363E+07 0.4266784319E+00
0.2590000000E+05 0.2404799938E+18 0.3790190506E+07 0.4258193315E+00
0.2595000000E+05 0.2405699968E+18 0.3795594025E+07 0.4249620252E+00
0.2600000000E+05 0.2406500101E+18 0.3801274490E+07 0.4241065088E+00
0.2605000000E+05 0.2407500029E+18 0.3807180786E+07 0.4232527781E+00
0.2610000000E+05 0.2408299923E+18 0.3813006973E+07 0.4224008290E+00
0.2615000000E+05 0.2409300089E+18 0.3818500137E+07 0.4215506573E+00
0.2620000000E+05 0.2410300016E+18 0.3823727417E+07 0.4207022587E+00
0.2625000000E+05 0.2411000013E+18 0.3829002762E+07 0.4198556292E+00
0.2630000000E+05 0.2411999941E+18 0.3834513092E+07 0.4190107645E+00
0.2635000000E+05 0.2412799835E+18 0.3840114975E+07 0.4181676606E+00
0.2640000000E+05 0.2413699865E+18 0.3845579147E+07 0.4173263132E+00
0.2645000000E+05 0.2414700031E+18 0.3850946808E+07 0.4164867183E+00
0.2650000000E+05 0.2415400028E+18 0.3856442642E+07 0.4156488716E+00
0.2655000000E+05 0.2416300058E+18 0.3862063599E+07 0.4148127692E+00
0.2660000000E+05 0.2417200089E+18 0.3867571640E+07 0.4139784068E+00
0.2665000000E+05 0.2418099880E+18 0.3872918320E+07 0.4131457803E+00
0.2670000000E+05 0.2418799877E+18 0.3878315353E+07 0.4123148857E+00
0.2675000000E+05 0.2419700146E+18 0.3883858871E+07 0.4114857188E+00
0.2680000000E+05 0.2420500040E+18 0.3889407349E+07 0.4106582756E+00
0.2685000000E+05 0.2421400070E+18 0.3894797897E+07 0.4098325520E+00
0.2690000000E+05 0.2422199965E+18 0.3899973679E+07 0.4090085439E+00
0.2695000000E+05 0.2423099995E+18 0.3904989243E+07 0.4081862472E+00
0.2700000000E+05 0.2423900127E+18 0.3910048294E+07 0.4073656579E+00
0.2705000000E+05 0.2424499989E+18 0.3915378189E+07 0.4065467720E+00
0.2710000000E+05 0.2425299883E+18 0.3920994568E+07 0.4057295853E+00
0.2715000000E+05 0.2426100016E+18 0.3926725006E+07 0.4049140939E+00
0.2720000000E+05 0.2426899910E+18 0.3932410431E+07 0.4041002937E+00
0.2725000000E+05 0.2427700043E+18 0.3937924194E+07 0.4032881808E+00
0.2730000000E+05 0.2428699970E+18 0.3943161774E+07 0.4024777510E+00
0.2735000000E+05 0.2429399967E+18 0.3948173904E+07 0.4016690005E+00
0.2740000000E+05 0.2430200100E+18 0.3953166962E+07 0.4008619252E+00
0.2745000000E+05 0.2430899858E+18 0.3958295441E+07 0.4000565211E+00
0.2750000000E+05 0.2431600094E+18 0.3963574982E+07 0.3992527843E+00
0.2755000000E+05 0.2432399988E+18 0.3968940353E+07 0.3984507108E+00
0.2760000000E+05 0.2433099985E+18 0.3974286270E+07 0.3976502966E+00
0.2765000000E+05 0.2433900118E+18 0.3979533386E+07 0.3968515379E+00
0.2770000000E+05 0.2434599876E+18 0.3984724045E+07 0.3960544306E+00
0.2775000000E+05 0.2435300112E+18 0.3989958954E+07 0.3952589708E+00
0.2780000000E+05 0.2435999870E+18 0.3995223236E+07 0.3944651546E+00
0.2785000000E+05 0.2436899900E+18 0.4000421524E+07 0.3936729782E+00
0.2790000000E+05 0.2437599897E+18 0.4005543137E+07 0.3928824376E+00
0.2795000000E+05 0.2438199997E+18 0.4010660553E+07 0.3920935288E+00
0.2800000000E+05 0.2438999891E+18 0.4015815353E+07 0.3913062481E+00
0.2805000000E+05 0.2439699888E+18 0.4021001434E+07 0.3905205916E+00
0.2810000000E+05 0.2440299988E+18 0.4026194763E+07 0.3897365553E+00
0.2815000000E+05 0.2441099882E+18 0.4031357956E+07 0.3889541355E+00
0.2820000000E+05 0.2441699982E+18 0.4036477661E+07 0.3881733283E+00
0.2825000000E+05 0.2442499876E+18 0.4041581726E+07 0.3873941298E+00
0.2830000000E+05 0.2443099976E+18 0.4046686554E+07 0.3866165363E+00
0.2835000000E+05 0.2443899870E+18 0.4051779556E+07 0.3858405439E+00
0.2840000000E+05 0.2444499969E+18 0.4056850815E+07 0.3850661488E+00
0.2845000000E+05 0.2445199966E+18 0.4061904526E+07 0.3842933472E+00
0.2850000000E+05 0.2445899963E+18 0.4066944122E+07 0.3835221354E+00
0.2855000000E+05 0.2446500063E+18 0.4071974182E+07 0.3827525095E+00
0.2860000000E+05 0.2447200060E+18 0.4076999664E+07 0.3819844658E+00
0.2865000000E+05 0.2447900057E+18 0.4082022858E+07 0.3812180005E+00
0.2870000000E+05 0.2448500156E+18 0.4087043762E+07 0.3804531099E+00
0.2875000000E+05 0.2449100018E+18 0.4092061615E+07 0.3796897903E+00
0.2880000000E+05 0.2449800014E+18 0.4097063828E+07 0.3789280379E+00
0.2885000000E+05 0.2450399876E+18 0.4102028275E+07 0.3781678490E+00
0.2890000000E+05 0.2450999975E+18 0.4106953049E+07 0.3774092199E+00
0.2895000000E+05 0.2451699972E+18 0.4111874771E+07 0.3766521469E+00
0.2900000000E+05 0.2452300072E+18 0.4116840363E+07 0.3758966263E+00
0.2905000000E+05 0.2453000069E+18 0.4121853638E+07 0.3751426544E+00
0.2910000000E+05 0.2453600168E+18 0.4126856613E+07 0.3743902276E+00
0.2915000000E+05 0.2454099894E+18 0.4131778336E+07 0.3736393422E+00
0.2920000000E+05 0.2454699993E+18 0.4136613464E+07 0.3728899946E+00
0.2925000000E+05 0.2455300093E+18 0.4141419601E+07 0.3721421810E+00
0.2930000000E+05 0.2455899954E+18 0.4146250153E+07 0.3713958980E+00
0.2935000000E+05 0.2456500053E+18 0.4151112366E+07 0.3706511419E+00
0.2940000000E+05 0.2457099915E+18 0.4155989075E+07 0.3699079090E+00
0.2945000000E+05 0.2457700014E+18 0.4160858154E+07 0.3691661959E+00
0.2950000000E+05 0.2458299875E+18 0.4165695190E+07 0.3684259988E+00
0.2955000000E+05 0.2458800077E+18 0.4170459747E+07 0.3676873142E+00
0.2960000000E+05 0.2459399939E+18 0.4175133896E+07 0.3669501386E+00
0.2965000000E+05 0.2459900141E+18 0.4179795456E+07 0.3662144683E+00
0.2970000000E+05 0.2460599899E+18 0.4184578705E+07 0.3654802999E+00
0.2975000000E+05 0.2461199999E+18 0.4189496231E+07 0.3647476298E+00
0.2980000000E+05 0.2461699963E+18 0.4194379044E+07 0.3640164545E+00
0.2985000000E+05 0.2462299824E+18 0.4199084473E+07 0.3632867705E+00
0.2990000000E+05 0.2462800026E+18 0.4203697586E+07 0.3625585742E+00
0.2995000000E+05 0.2463399887E+18 0.4208399200E+07 0.3618318621E+00
0.3000000000E+05 0.2463999987E+18 0.4213177490E+07 0.3611066309E+00
0.3005000000E+05 0.2464400053E+18 0.4217863464E+07 0.3603828770E+00
0.3010000000E+05 0.2464900017E+18 0.4222447968E+07 0.3596605968E+00
0.3015000000E+05 0.2465600014E+18 0.4227081299E+07 0.3589397871E+00
0.3020000000E+05 0.2466099977E+18 0.4231764603E+07 0.3582204443E+00
0.3025000000E+05 0.2466500044E+18 0.4236362839E+07 0.3575025650E+00
0.3030000000E+05 0.2467099905E+18 0.4240886688E+07 0.3567861458E+00
0.3035000000E+05 0.2467599869E+18 0.4245472336E+07 0.3560711832E+00
0.3040000000E+05 0.2468199968E+18 0.4250130463E+07 0.3553576739E+00
0.3045000000E+05 0.2468600035E+18 0.4254760742E+07 0.3546456145E+00
0.3050000000E+05 0.2469200134E+18 0.4259356308E+07 0.3539350015E+00
0.3055000000E+05 0.2469700098E+18 0.4263999557E+07 0.3532258317E+00
0.3060000000E+05 0.2470199823E+18 0.4268669891E+07 0.3525181015E+00
0.3065000000E+05 0.2470600128E+18 0.4273223877E+07 0.3518118078E+00
0.3070000000E+05 0.2471199989E+18 0.4277600479E+07 0.3511069471E+00
0.3075000000E+05 0.2471599817E+18 0.4281950760E+07 0.3504035160E+00
0.3080000000E+05 0.2472199917E+18 0.4286462402E+07 0.3497015114E+00
0.3085000000E+05 0.2472699881E+18 0.4291090012E+07 0.3490009298E+00
0.3090000000E+05 0.2473000050E+18 0.4295624924E+07 0.3483017680E+00
0.3095000000E+05 0.2473599911E+18 0.4300011444E+07 0.3476040226E+00
0.3100000000E+05 0.2474099874E+18 0.4304339600E+07 0.3469076904E+00
0.3105000000E+05 0.2474499941E+18 0.4308657837E+07 0.3462127681E+00
0.3110000000E+05 0.2474999905E+18 0.4313074875E+07 0.3455192525E+00
0.3115000000E+05 0.2475499868E+18 0.4317743301E+07 0.3448271402E+00
0.3120000000E+05 0.2475899935E+18 0.4322495270E+07 0.3441364280E+00
0.3125000000E+05 0.2476200104E+18 0.4326908493E+07 0.3434471128E+00
0.3130000000E+05 0.2476699829E+18 0.4330889511E+07 0.3427591912E+00
0.3135000000E+05 0.2477200031E+18 0.4334786606E+07 0.3420726600E+00
0.3140000000E+05 0.2477600098E+18 0.4338897705E+07 0.3413875161E+00
0.3145000000E+05 0.2478099823E+18 0.4343210983E+07 0.3407037563E+00
0.3150000000E+05 0.2478500128E+18 0.4347600174E+07 0.3400213773E+00
0.3155000000E+05 0.2479000092E+18 0.4351999664E+07 0.3393403760E+00
0.3160000000E+05 0.2479399920E+18 0.4356396484E+07 0.3386607492E+00
0.3165000000E+05 0.2479900122E+18 0.4360785294E+07 0.3379824938E+00
0.3170000000E+05 0.2480299950E+18 0.4365159988E+07 0.3373056066E+00
0.3175000000E+05 0.2480700016E+18 0.4369518280E+07 0.3366300844E+00
0.3180000000E+05 0.2481100082E+18 0.4373863602E+07 0.3359559242E+00
0.3185000000E+05 0.2481499910E+18 0.4378199768E+07 0.3352831228E+00
0.3190000000E+05 0.2481899977E+18 0.4382518005E+07 0.3346116772E+00
0.3195000000E+05 0.2482300043E+18 0.4386728668E+07 0.3339415841E+00
0.3200000000E+05 0.2482700109E+18 0.4390644455E+07 0.3332728406E+00
0.3205000000E+05 0.2483000040E+18 0.4394223785E+07 0.3326054434E+00
0.3210000000E+05 0.2483400106E+18 0.4397857285E+07 0.3319393897E+00
0.3215000000E+05 0.2483900070E+18 0.4402029037E+07 0.3312746762E+00
0.3220000000E+05 0.2484299898E+18 0.4406626511E+07 0.3306113000E+00
0.3225000000E+05 0.2484700203E+18 0.4411077499E+07 0.3299492580E+00
0.3230000000E+05 0.2485000134E+18 0.4415160370E+07 0.3292885472E+00
0.3235000000E+05 0.2485500097E+18 0.4419079971E+07 0.3286291645E+00
0.3240000000E+05 0.2485800028E+18 0.4422959137E+07 0.3279711070E+00
0.3245000000E+05 0.2486099958E+18 0.4426877594E+07 0.3273143715E+00
0.3250000000E+05 0.2486599922E+18 0.4431014633E+07 0.3266589552E+00
0.3255000000E+05 0.2486899853E+18 0.4435282135E+07 0.3260048550E+00
0.3260000000E+05 0.2487200022E+18 0.4439313507E+07 0.3253520680E+00
0.3265000000E+05 0.2487600088E+18 0.4443080521E+07 0.3247005911E+00
0.3270000000E+05 0.2487900019E+18 0.4447005463E+07 0.3240504215E+00
0.3275000000E+05 0.2488399982E+18 0.4451255798E+07 0.3234015562E+00
0.3280000000E+05 0.2488700151E+18 0.4455362701E+07 0.3227539921E+00
0.3285000000E+05 0.2489000082E+18 0.4458938217E+07 0.3221077265E+00
0.3290000000E+05 0.2489399910E+18 0.4462401962E+07 0.3214627563E+00
0.3295000000E+05 0.2489799976E+18 0.4466389847E+07 0.3208190787E+00
0.3300000000E+05 0.2490000010E+18 0.4470794296E+07 0.3201766908E+00
0.3305000000E+05 0.2490400076E+18 0.4475046921E+07 0.3195355895E+00
0.3310000000E+05 0.2490700006E+18 0.4478927231E+07 0.3188957722E+00
0.3315000000E+05 0.2491099834E+18 0.4482575226E+07 0.3182572358E+00
0.3320000000E+05 0.2491300106E+18 0.4486157990E+07 0.3176199776E+00
0.3325000000E+05 0.2491699934E+18 0.4489843369E+07 0.3169839946E+00
0.3330000000E+05 0.2492100000E+18 0.4493644333E+07 0.3163492839E+00
0.3335000000E+05 0.2492300034E+18 0.4497333527E+07 0.3157158429E+00
0.3340000000E+05 0.2492599964E+18 0.4500953674E+07 0.3150836685E+00
0.3345000000E+05 0.2493000031E+18 0.4504870987E+07 0.3144527581E+00
0.3350000000E+05 0.2493299961E+18 0.4508960724E+07 0.3138231087E+00
0.3355000000E+05 0.2493499994E+18 0.4512595749E+07 0.3131947175E+00
0.3360000000E+05 0.2493799925E+18 0.4515663528E+07 0.3125675818E+00
0.3365000000E+05 0.2494100094E+18 0.4518811417E+07 0.3119416988E+00
0.3370000000E+05 0.2494499922E+18 0.4522669220E+07 0.3113170657E+00
0.3375000000E+05 0.2494799852E+18 0.4527257919E+07 0.3106936797E+00
0.3380000000E+05 0.2495100021E+18 0.4531929779E+07 0.3100715380E+00
0.3385000000E+05 0.2495300055E+18 0.4535876846E+07 0.3094506379E+00
0.3390000000E+05 0.2495500088E+18 0.4538965988E+07 0.3088309766E+00
0.3395000000E+05 0.2495899916E+18 0.4541834641E+07 0.3082125514E+00
0.3400000000E+05 0.2496099949E+18 0.4545055771E+07 0.3075953596E+00
0.3405000000E+05 0.2496399879E+18 0.4548643875E+07 0.3069793984E+00
0.3410000000E+05 0.2496700048E+18 0.4552374268E+07 0.3063646651E+00
0.3415000000E+05 0.2496999979E+18 0.4556096268E+07 0.3057511571E+00
0.3420000000E+05 0.2497200012E+18 0.4559643173E+07 0.3051388715E+00
0.3425000000E+05 0.2497499943E+18 0.4562747574E+07 0.3045278058E+00
0.3430000000E+05 0.2497699976E+18 0.4565415192E+07 0.3039179572E+00
0.3435000000E+05 0.2498000145E+18 0.4568283844E+07 0.3033093230E+00
0.3440000000E+05 0.2498399973E+18 0.4572082520E+07 0.3027019007E+00
0.3445000000E+05 0.2498600006E+18 0.4576683426E+07 0.3020956874E+00
0.3450000000E+05 0.2498800039E+18 0.4581184006E+07 0.3014906807E+00
0.3455000000E+05 0.2498999834E+18 0.4584828568E+07 0.3008868778E+00
0.3460000000E+05 0.2499300003E+18 0.4587603378E+07 0.3002842761E+00
0.3465000000E+05 0.2499500036E+18 0.4590237045E+07 0.2996828730E+00
0.3470000000E+05 0.2499799967E+18 0.4593518066E+07 0.2990826659E+00
0.3475000000E+05 0.2500000000E+18 0.4597317886E+07 0.2984836521E+00
0.3480000000E+05 0.2500200033E+18 0.4600864029E+07 0.2978858291E+00
0.3485000000E+05 0.2500400066E+18 0.4604010391E+07 0.2972891942E+00
0.3490000000E+05 0.2500699997E+18 0.4607215500E+07 0.2966937449E+00
0.3495000000E+05 0.2500900030E+18 0.4610508728E+07 0.2960994786E+00
0.3500000000E+05 0.2501100063E+18 0.4613618469E+07 0.2955063927E+00
0.3505000000E+05 0.2501399994E+18 0.4616714478E+07 0.2949144847E+00
0.3510000000E+05 0.2501499891E+18 0.4620204544E+07 0.2943237519E+00
0.3515000000E+05 0.2501800060E+18 0.4624065018E+07 0.2937341920E+00
0.3520000000E+05 0.2502000093E+18 0.4627724838E+07 0.2931458022E+00
0.3525000000E+05 0.2502099991E+18 0.4630727005E+07 0.2925585801E+00
0.3530000000E+05 0.2502399921E+18 0.4633402634E+07 0.2919725232E+00
0.3535000000E+05 0.2502599955E+18 0.4636431885E+07 0.2913876289E+00
0.3540000000E+05 0.2502799988E+18 0.4639838028E+07 0.2908038948E+00
0.3545000000E+05 0.2502899885E+18 0.4643011475E+07 0.2902213183E+00
0.3550000000E+05 0.2503200054E+18 0.4645647049E+07 0.2896398969E+00
0.3555000000E+05 0.2503299952E+18 0.4648221970E+07 0.2890596282E+00
0.3560000000E+05 0.2503600121E+18 0.4651363373E+07 0.2884805097E+00
0.3565000000E+05 0.2503799915E+18 0.4654927063E+07 0.2879025388E+00
0.3570000000E+05 0.2503900051E+18 0.4658220673E+07 0.2873257132E+00
0.3575000000E+05 0.2504099846E+18 0.4661087418E+07 0.2867500304E+00
0.3580000000E+05 0.2504400015E+18 0.4663986588E+07 0.2861754879E+00
0.3585000000E+05 0.2504500151E+18 0.4667268753E+07 0.2856020832E+00
0.3590000000E+05 0.2504699945E+18 0.4670926285E+07 0.2850298141E+00
0.3595000000E+05 0.2504899979E+18 0.4674499512E+07 0.2844586779E+00
0.3600000000E+05 0.2504999876E+18 0.4677335358E+07 0.2838886724E+00
0.3605000000E+05 0.2505199909E+18 0.4679620361E+07 0.2833197951E+00
0.3610000000E+05 0.2505399942E+18 0.4682308578E+07 0.2827520435E+00
0.3615000000E+05 0.2505499840E+18 0.4685554886E+07 0.2821854153E+00
0.3620000000E+05 0.2505599976E+18 0.4688475800E+07 0.2816199082E+00
0.3625000000E+05 0.2505800009E+18 0.4690677643E+07 0.2810555196E+00
0.3630000000E+05 0.2506000042E+18 0.4692758179E+07 0.2804922473E+00
0.3635000000E+05 0.2506099939E+18 0.4695285034E+07 0.2799300888E+00
0.3640000000E+05 0.2506299973E+18 0.4698218536E+07 0.2793690419E+00
0.3645000000E+05 0.2506500006E+18 0.4701299286E+07 0.2788091040E+00
0.3650000000E+05 0.2506599903E+18 0.4704396439E+07 0.2782502730E+00
0.3655000000E+05 0.2506799936E+18 0.4707485199E+07 0.2776925465E+00
0.3660000000E+05 0.2506900072E+18 0.4710560226E+07 0.2771359220E+00
0.3665000000E+05 0.2507100105E+18 0.4713621521E+07 0.2765803973E+00
0.3670000000E+05 0.2507200003E+18 0.4716674423E+07 0.2760259701E+00
0.3675000000E+05 0.2507300138E+18 0.4719721603E+07 0.2754726381E+00
0.3680000000E+05 0.2507499933E+18 0.4722760391E+07 0.2749203989E+00
0.3685000000E+05 0.2507600069E+18 0.4725785065E+07 0.2743692502E+00
0.3690000000E+05 0.2507699966E+18 0.4728796005E+07 0.2738191898E+00
0.3695000000E+05 0.2507799864E+18 0.4731796265E+07 0.2732702154E+00
0.3700000000E+05 0.2507900000E+18 0.4734760284E+07 0.2727223246E+00
0.3705000000E+05 0.2507999897E+18 0.4737534332E+07 0.2721755153E+00
0.3710000000E+05 0.2508100033E+18 0.4739814758E+07 0.2716297850E+00
0.3715000000E+05 0.2508200169E+18 0.4741549301E+07 0.2710851317E+00
0.3720000000E+05 0.2508300066E+18 0.4743378067E+07 0.2705415530E+00
0.3725000000E+05 0.2508500099E+18 0.4745984650E+07 0.2699990466E+00
0.3730000000E+05 0.2508599997E+18 0.4748914719E+07 0.2694576104E+00
0.3735000000E+05 0.2508599997E+18 0.4751148987E+07 0.2689172421E+00
0.3740000000E+05 0.2508700132E+18 0.4752876282E+07 0.2683779394E+00
0.3745000000E+05 0.2508899927E+18 0.4755225372E+07 0.2678397002E+00
0.3750000000E+05 0.2509000063E+18 0.4758427048E+07 0.2673025222E+00
0.3755000000E+05 0.2509000063E+18 0.4761717606E+07 0.2667664033E+00
0.3760000000E+05 0.2509199858E+18 0.4764532471E+07 0.2662313411E+00
0.3765000000E+05 0.2509199858E+18 0.4766826630E+07 0.2656973336E+00
0.3770000000E+05 0.2509299994E+18 0.4769032288E+07 0.2651643785E+00
0.3775000000E+05 0.2509500027E+18 0.4771756744E+07 0.2646324737E+00
0.3780000000E+05 0.2509500027E+18 0.4774801254E+07 0.2641016169E+00
0.3785000000E+05 0.2509500027E+18 0.4777250671E+07 0.2635718060E+00
0.3790000000E+05 0.2509700060E+18 0.4778901672E+07 0.2630430389E+00
0.3795000000E+05 0.2509700060E+18 0.4780591965E+07 0.2625153134E+00
0.3800000000E+05 0.2509799957E+18 0.4782999039E+07 0.2619886272E+00
0.3805000000E+05 0.2509900093E+18 0.4785852814E+07 0.2614629784E+00
0.3810000000E+05 0.2509999990E+18 0.4788514709E+07 0.2609383647E+00
0.3815000000E+05 0.2509999990E+18 0.4790951157E+07 0.2604147839E+00
0.3820000000E+05 0.2510099888E+18 0.4793576431E+07 0.2598922341E+00
0.3825000000E+05 0.2510099888E+18 0.4796237946E+07 0.2593707130E+00
0.3830000000E+05 0.2510200024E+18 0.4798262787E+07 0.2588502185E+00
0.3835000000E+05 0.2510200024E+18 0.4799697495E+07 0.2583307486E+00
0.3840000000E+05 0.2510299921E+18 0.4801404190E+07 0.2578123011E+00
0.3845000000E+05 0.2510400057E+18 0.4803711319E+07 0.2572948739E+00
0.3850000000E+05 0.2510400057E+18 0.4806200790E+07 0.2567784649E+00
0.3855000000E+05 0.2510499954E+18 0.4808705521E+07 0.2562630721E+00
0.3860000000E+05 0.2510499954E+18 0.4811274338E+07 0.2557486933E+00
0.3865000000E+05 0.2510499954E+18 0.4813778305E+07 0.2552353266E+00
0.3870000000E+05 0.2510599852E+18 0.4816212463E+07 0.2547229697E+00
0.3875000000E+05 0.2510599852E+18 0.4818400955E+07 0.2542116207E+00
0.3880000000E+05 0.2510599852E+18 0.4819786072E+07 0.2537012775E+00
0.3885000000E+05 0.2510699987E+18 0.4820642471E+07 0.2531919380E+00
0.3890000000E+05 0.2510699987E+18 0.4822421646E+07 0.2526836003E+00
0.3895000000E+05 0.2510800123E+18 0.4825807953E+07 0.2521762622E+00
0.3900000000E+05 0.2510800123E+18 0.4829456711E+07 0.2516699217E+00
0.3905000000E+05 0.2510800123E+18 0.4831615829E+07 0.2511645768E+00
0.3910000000E+05 0.2510800123E+18 0.4832292938E+07 0.2506602255E+00
0.3915000000E+05 0.2510800123E+18 0.4832889175E+07 0.2501568658E+00
0.3920000000E+05 0.2510900021E+18 0.4834310532E+07 0.2496544956E+00
0.3925000000E+05 0.2510900021E+18 0.4836390686E+07 0.2491531129E+00
0.3930000000E+05 0.2511000156E+18 0.4838685226E+07 0.2486527158E+00
0.3935000000E+05 0.2511000156E+18 0.4840993118E+07 0.2481533022E+00
0.3940000000E+05 0.2511000156E+18 0.4843284988E+07 0.2476548702E+00
0.3945000000E+05 0.2511000156E+18 0.4845560455E+07 0.2471574177E+00
0.3950000000E+05 0.2511000156E+18 0.4847821808E+07 0.2466609428E+00
0.3955000000E+05 0.2511000156E+18 0.4850074387E+07 0.2461654436E+00
0.3960000000E+05 0.2511000156E+18 0.4852324677E+07 0.2456709179E+00
0.3965000000E+05 0.2511000156E+18 0.4854571533E+07 0.2451773640E+00
0.3970000000E+05 0.2511000156E+18 0.4856810379E+07 0.2446847798E+00
0.3975000000E+05 0.2511000156E+18 0.4859034729E+07 0.2441931633E+00
0.3980000000E+05 0.2511000156E+18 0.4861243439E+07 0.2437025127E+00
0.3985000000E+05 0.2511000156E+18 0.4863404846E+07 0.2432128260E+00
0.3990000000E+05 0.2511000156E+18 0.4865305328E+07 0.2427241012E+00
0.3995000000E+05 0.2510900021E+18 0.4866460037E+07 0.2422363365E+00
0.4000000000E+05 0.2510900021E+18 0.4866678619E+07 0.2417495298E+00
0.4005000000E+05 0.2510900021E+18 0.4866939545E+07 0.2412636793E+00
0.4010000000E+05 0.2510900021E+18 0.4868789673E+07 0.2407787831E+00
0.4015000000E+05 0.2510900021E+18 0.4872257614E+07 0.2402948392E+00
0.4020000000E+05 0.2510800123E+18 0.4875408554E+07 0.2398118457E+00
0.4025000000E+05 0.2510800123E+18 0.4876731110E+07 0.2393298008E+00
0.4030000000E+05 0.2510699987E+18 0.4876985168E+07 0.2388487025E+00
0.4035000000E+05 0.2510800123E+18 0.4877805328E+07 0.2383685490E+00
0.4040000000E+05 0.2510800123E+18 0.4879498291E+07 0.2378893384E+00
0.4045000000E+05 0.2510699987E+18 0.4881430817E+07 0.2374110687E+00
0.4050000000E+05 0.2510699987E+18 0.4883415222E+07 0.2369337382E+00
0.4055000000E+05 0.2510699987E+18 0.4885448074E+07 0.2364573449E+00
0.4060000000E+05 0.2510599852E+18 0.4887381744E+07 0.2359818870E+00
0.4065000000E+05 0.2510599852E+18 0.4889278412E+07 0.2355073626E+00
0.4070000000E+05 0.2510499954E+18 0.4890917587E+07 0.2350337699E+00
0.4075000000E+05 0.2510400057E+18 0.4891773224E+07 0.2345611071E+00
0.4080000000E+05 0.2510499954E+18 0.4892254257E+07 0.2340893721E+00
0.4085000000E+05 0.2510400057E+18 0.4893487930E+07 0.2336185634E+00
0.4090000000E+05 0.2510400057E+18 0.4895798874E+07 0.2331486789E+00
0.4095000000E+05 0.2510299921E+18 0.4898672485E+07 0.2326797169E+00
0.4100000000E+05 0.2510299921E+18 0.4901388550E+07 0.2322116755E+00
0.4105000000E+05 0.2510200024E+18 0.4902907562E+07 0.2317445529E+00
0.4110000000E+05 0.2510099888E+18 0.4902734756E+07 0.2312783474E+00
0.4115000000E+05 0.2510099888E+18 0.4902258301E+07 0.2308130570E+00
0.4120000000E+05 0.2509999990E+18 0.4903455353E+07 0.2303486801E+00
0.4125000000E+05 0.2509900093E+18 0.4906422424E+07 0.2298852147E+00
0.4130000000E+05 0.2509900093E+18 0.4909507370E+07 0.2294226591E+00
0.4135000000E+05 0.2509799957E+18 0.4911282730E+07 0.2289610115E+00
0.4140000000E+05 0.2509799957E+18 0.4911704636E+07 0.2285002701E+00
0.4145000000E+05 0.2509600163E+18 0.4911986542E+07 0.2280404331E+00
0.4150000000E+05 0.2509600163E+18 0.4913347626E+07 0.2275814988E+00
0.4155000000E+05 0.2509600163E+18 0.4915502548E+07 0.2271234653E+00
0.4160000000E+05 0.2509399891E+18 0.4917164612E+07 0.2266663310E+00
0.4165000000E+05 0.2509399891E+18 0.4917992783E+07 0.2262100940E+00
0.4170000000E+05 0.2509299994E+18 0.4918549728E+07 0.2257547525E+00
0.4175000000E+05 0.2509199858E+18 0.4919120407E+07 0.2253003049E+00
0.4180000000E+05 0.2509099960E+18 0.4920256424E+07 0.2248467494E+00
0.4185000000E+05 0.2509099960E+18 0.4922774887E+07 0.2243940841E+00
0.4190000000E+05 0.2509000063E+18 0.4925838852E+07 0.2239423075E+00
0.4195000000E+05 0.2508800030E+18 0.4927451324E+07 0.2234914177E+00
0.4200000000E+05 0.2508800030E+18 0.4927619934E+07 0.2230414130E+00
0.4205000000E+05 0.2508700132E+18 0.4928294754E+07 0.2225922916E+00
0.4210000000E+05 0.2508599997E+18 0.4929952621E+07 0.2221440520E+00
0.4215000000E+05 0.2508500099E+18 0.4931053162E+07 0.2216966922E+00
0.4220000000E+05 0.2508399963E+18 0.4930884933E+07 0.2212502107E+00
0.4225000000E+05 0.2508300066E+18 0.4930513000E+07 0.2208046057E+00
0.4230000000E+05 0.2508200169E+18 0.4930950928E+07 0.2203598755E+00
0.4235000000E+05 0.2508100033E+18 0.4932185745E+07 0.2199160184E+00
0.4240000000E+05 0.2507999897E+18 0.4934109497E+07 0.2194730327E+00
0.4245000000E+05 0.2507900000E+18 0.4937221909E+07 0.2190309166E+00
0.4250000000E+05 0.2507799864E+18 0.4941618347E+07 0.2185896686E+00
0.4255000000E+05 0.2507699966E+18 0.4945658112E+07 0.2181492869E+00
0.4260000000E+05 0.2507499933E+18 0.4947132492E+07 0.2177097699E+00
0.4265000000E+05 0.2507400036E+18 0.4946025848E+07 0.2172711158E+00
0.4270000000E+05 0.2507200003E+18 0.4944471359E+07 0.2168333230E+00
0.4275000000E+05 0.2507100105E+18 0.4943751144E+07 0.2163963899E+00
0.4280000000E+05 0.2506999969E+18 0.4942989731E+07 0.2159603147E+00
0.4285000000E+05 0.2506900072E+18 0.4941317368E+07 0.2155250958E+00
0.4290000000E+05 0.2506799936E+18 0.4940048599E+07 0.2150907315E+00
0.4295000000E+05 0.2506700039E+18 0.4941382980E+07 0.2146572202E+00
0.4300000000E+05 0.2506599903E+18 0.4945338821E+07 0.2142245603E+00
0.4305000000E+05 0.2506500006E+18 0.4949674988E+07 0.2137927500E+00
0.4310000000E+05 0.2506299973E+18 0.4952655411E+07 0.2133617878E+00
0.4315000000E+05 0.2506200075E+18 0.4954138947E+07 0.2129316720E+00
0.4320000000E+05 0.2506000042E+18 0.4954360199E+07 0.2125024010E+00
0.4325000000E+05 0.2505900145E+18 0.4953608704E+07 0.2120739732E+00
0.4330000000E+05 0.2505700111E+18 0.4953099060E+07 0.2116463869E+00
0.4335000000E+05 0.2505599976E+18 0.4954306412E+07 0.2112196405E+00
0.4340000000E+05 0.2505499840E+18 0.4956850052E+07 0.2107937323E+00
0.4345000000E+05 0.2505300045E+18 0.4958414841E+07 0.2103686609E+00
0.4350000000E+05 0.2505199909E+18 0.4957704926E+07 0.2099444245E+00
0.4355000000E+05 0.2504999876E+18 0.4956503296E+07 0.2095210216E+00
0.4360000000E+05 0.2504899979E+18 0.4957404327E+07 0.2090984506E+00
0.4365000000E+05 0.2504800081E+18 0.4960152054E+07 0.2086767098E+00
0.4370000000E+05 0.2504600048E+18 0.4962298584E+07 0.2082557977E+00
0.4375000000E+05 0.2504400015E+18 0.4962865829E+07 0.2078357127E+00
0.4380000000E+05 0.2504300117E+18 0.4962760925E+07 0.2074164532E+00
0.4385000000E+05 0.2504099846E+18 0.4962588120E+07 0.2069980176E+00
0.4390000000E+05 0.2503900051E+18 0.4962687302E+07 0.2065804043E+00
0.4395000000E+05 0.2503799915E+18 0.4963734436E+07 0.2061636118E+00
0.4400000000E+05 0.2503600121E+18 0.4965328217E+07 0.2057476385E+00
0.4405000000E+05 0.2503400087E+18 0.4965992355E+07 0.2053324828E+00
0.4410000000E+05 0.2503299952E+18 0.4965610123E+07 0.2049181432E+00
0.4415000000E+05 0.2503100157E+18 0.4965908051E+07 0.2045046180E+00
0.4420000000E+05 0.2503000021E+18 0.4967903900E+07 0.2040919058E+00
0.4425000000E+05 0.2502799988E+18 0.4970297241E+07 0.2036800051E+00
0.4430000000E+05 0.2502599955E+18 0.4971166611E+07 0.2032689141E+00
0.4435000000E+05 0.2502500057E+18 0.4970436478E+07 0.2028586315E+00
0.4440000000E+05 0.2502200127E+18 0.4969736862E+07 0.2024491556E+00
0.4445000000E+05 0.2502099991E+18 0.4970255280E+07 0.2020404850E+00
0.4450000000E+05 0.2501899958E+18 0.4971541595E+07 0.2016326180E+00
0.4455000000E+05 0.2501700163E+18 0.4972452545E+07 0.2012255532E+00
0.4460000000E+05 0.2501499891E+18 0.4972565842E+07 0.2008192890E+00
0.4465000000E+05 0.2501399994E+18 0.4972145844E+07 0.2004138239E+00
0.4470000000E+05 0.2501199961E+18 0.4971652222E+07 0.2000091564E+00
0.4475000000E+05 0.2500999928E+18 0.4972025299E+07 0.1996052850E+00
0.4480000000E+05 0.2500900030E+18 0.4973974228E+07 0.1992022082E+00
0.4485000000E+05 0.2500600100E+18 0.4976380920E+07 0.1987999244E+00
0.4490000000E+05 0.2500400066E+18 0.4977254105E+07 0.1983984321E+00
0.4495000000E+05 0.2500200033E+18 0.4976544189E+07 0.1979977299E+00
0.4500000000E+05 0.2500099897E+18 0.4976011658E+07 0.1975978163E+00
0.4505000000E+05 0.2499899864E+18 0.4976432037E+07 0.1971986896E+00
0.4510000000E+05 0.2499599934E+18 0.4977173615E+07 0.1968003486E+00
0.4515000000E+05 0.2499500036E+18 0.4977954102E+07 0.1964027916E+00
0.4520000000E+05 0.2499300003E+18 0.4978842545E+07 0.1960060172E+00
0.4525000000E+05 0.2498999834E+18 0.4979625702E+07 0.1956100239E+00
0.4530000000E+05 0.2498800039E+18 0.4980306244E+07 0.1952148102E+00
0.4535000000E+05 0.2498600006E+18 0.4980609512E+07 0.1948203747E+00
0.4540000000E+05 0.2498399973E+18 0.4979637146E+07 0.1944267158E+00
0.4545000000E+05 0.2498199940E+18 0.4977824402E+07 0.1940338322E+00
0.4550000000E+05 0.2498000145E+18 0.4977497101E+07 0.1936417223E+00
0.4555000000E+05 0.2497800112E+18 0.4979749680E+07 0.1932503847E+00
0.4560000000E+05 0.2497599840E+18 0.4982428360E+07 0.1928598179E+00
0.4565000000E+05 0.2497299910E+18 0.4982809067E+07 0.1924700205E+00
0.4570000000E+05 0.2497100115E+18 0.4981327057E+07 0.1920809910E+00
0.4575000000E+05 0.2496900082E+18 0.4980986404E+07 0.1916927280E+00
0.4580000000E+05 0.2496700048E+18 0.4983211517E+07 0.1913052300E+00
0.4585000000E+05 0.2496500015E+18 0.4985869598E+07 0.1909184956E+00
0.4590000000E+05 0.2496199846E+18 0.4986128235E+07 0.1905325233E+00
0.4595000000E+05 0.2496000051E+18 0.4984005737E+07 0.1901473118E+00
0.4600000000E+05 0.2495800018E+18 0.4981764984E+07 0.1897628595E+00
0.4605000000E+05 0.2495599985E+18 0.4980867004E+07 0.1893791651E+00
0.4610000000E+05 0.2495300055E+18 0.4981045914E+07 0.1889962271E+00
0.4615000000E+05 0.2495100021E+18 0.4981585312E+07 0.1886140441E+00
0.4620000000E+05 0.2494899988E+18 0.4982159805E+07 0.1882326147E+00
0.4625000000E+05 0.2494699955E+18 0.4982717896E+07 0.1878519375E+00
0.4630000000E+05 0.2494400024E+18 0.4983260345E+07 0.1874720110E+00
0.4635000000E+05 0.2494199991E+18 0.4983788681E+07 0.1870928339E+00
0.4640000000E+05 0.2493900061E+18 0.4984310913E+07 0.1867144047E+00
0.4645000000E+05 0.2493700027E+18 0.4984835434E+07 0.1863367220E+00
0.4650000000E+05 0.2493499994E+18 0.4985360336E+07 0.1859597845E+00
0.4655000000E+05 0.2493200064E+18 0.4985871124E+07 0.1855835907E+00
0.4660000000E+05 0.2493000031E+18 0.4986360168E+07 0.1852081392E+00
0.4665000000E+05 0.2492700100E+18 0.4986835480E+07 0.1848334287E+00
0.4670000000E+05 0.2492499828E+18 0.4987258911E+07 0.1844594577E+00
0.4675000000E+05 0.2492199898E+18 0.4987294769E+07 0.1840862250E+00
0.4680000000E+05 0.2491999865E+18 0.4986180496E+07 0.1837137290E+00
0.4685000000E+05 0.2491699934E+18 0.4983621216E+07 0.1833419684E+00
0.4690000000E+05 0.2491400003E+18 0.4981148148E+07 0.1829709419E+00
0.4695000000E+05 0.2491199970E+18 0.4981206894E+07 0.1826006481E+00
0.4700000000E+05 0.2490999937E+18 0.4984087753E+07 0.1822310855E+00
0.4705000000E+05 0.2490700006E+18 0.4987111664E+07 0.1818622528E+00
0.4710000000E+05 0.2490499973E+18 0.4987487793E+07 0.1814941488E+00
0.4715000000E+05 0.2490200043E+18 0.4985208511E+07 0.1811267719E+00
0.4720000000E+05 0.2489899874E+18 0.4983072662E+07 0.1807601208E+00
0.4725000000E+05 0.2489699841E+18 0.4983709717E+07 0.1803941943E+00
0.4730000000E+05 0.2489399910E+18 0.4986393356E+07 0.1800289909E+00
0.4735000000E+05 0.2489099979E+18 0.4987832260E+07 0.1796645092E+00
0.4740000000E+05 0.2488800049E+18 0.4986407089E+07 0.1793007480E+00
0.4745000000E+05 0.2488600016E+18 0.4983956909E+07 0.1789377059E+00
0.4750000000E+05 0.2488399982E+18 0.4982703018E+07 0.1785753816E+00
0.4755000000E+05 0.2487999916E+18 0.4982574463E+07 0.1782137736E+00
0.4760000000E+05 0.2487800121E+18 0.4982707596E+07 0.1778528808E+00
0.4765000000E+05 0.2487499952E+18 0.4982998657E+07 0.1774927017E+00
0.4770000000E+05 0.2487200022E+18 0.4983304596E+07 0.1771332349E+00
0.4775000000E+05 0.2486899853E+18 0.4983459854E+07 0.1767744793E+00
0.4780000000E+05 0.2486700058E+18 0.4983710480E+07 0.1764164335E+00
0.4785000000E+05 0.2486400127E+18 0.4983978271E+07 0.1760590960E+00
0.4790000000E+05 0.2486099958E+18 0.4984107971E+07 0.1757024657E+00
0.4795000000E+05 0.2485899925E+18 0.4984291840E+07 0.1753465413E+00
0.4800000000E+05 0.2485500097E+18 0.4984170914E+07 0.1749913213E+00
0.4805000000E+05 0.2485199928E+18 0.4983247375E+07 0.1746368044E+00
0.4810000000E+05 0.2485000134E+18 0.4982255554E+07 0.1742829895E+00
0.4815000000E+05 0.2484700203E+18 0.4982429504E+07 0.1739298751E+00
0.4820000000E+05 0.2484400034E+18 0.4983692551E+07 0.1735774600E+00
0.4825000000E+05 0.2484100103E+18 0.4984394836E+07 0.1732257429E+00
0.4830000000E+05 0.2483799934E+18 0.4983234787E+07 0.1728747224E+00
0.4835000000E+05 0.2483500004E+18 0.4981172180E+07 0.1725243973E+00
0.4840000000E+05 0.2483199835E+18 0.4980139923E+07 0.1721747663E+00
0.4845000000E+05 0.2482899904E+18 0.4980284882E+07 0.1718258281E+00
0.4850000000E+05 0.2482599974E+18 0.4980313492E+07 0.1714775814E+00
0.4855000000E+05 0.2482300043E+18 0.4979896545E+07 0.1711300249E+00
0.4860000000E+05 0.2481999874E+18 0.4979581833E+07 0.1707831574E+00
0.4865000000E+05 0.2481699944E+18 0.4978939438E+07 0.1704369775E+00
0.4870000000E+05 0.2481400013E+18 0.4977210236E+07 0.1700914840E+00
0.4875000000E+05 0.2481100082E+18 0.4975466919E+07 0.1697466756E+00
0.4880000000E+05 0.2480800152E+18 0.4975629044E+07 0.1694025511E+00
0.4885000000E+05 0.2480499983E+18 0.4977420044E+07 0.1690591092E+00
0.4890000000E+05 0.2480200052E+18 0.4978385162E+07 0.1687163486E+00
0.4895000000E+05 0.2479900122E+18 0.4977193451E+07 0.1683742680E+00
0.4900000000E+05 0.2479599953E+18 0.4975487518E+07 0.1680328662E+00
0.4905000000E+05 0.2479300022E+18 0.4975623703E+07 0.1676921420E+00
0.4910000000E+05 0.2478899956E+18 0.4977402878E+07 0.1673520940E+00
0.4915000000E+05 0.2478699923E+18 0.4978342056E+07 0.1670127210E+00
0.4920000000E+05 0.2478300095E+18 0.4977008438E+07 0.1666740219E+00
0.4925000000E+05 0.2477999926E+18 0.4974539948E+07 0.1663359952E+00
0.4930000000E+05 0.2477699995E+18 0.4972365570E+07 0.1659986399E+00
0.4935000000E+05 0.2477299929E+18 0.4970574570E+07 0.1656619545E+00
0.4940000000E+05 0.2476999998E+18 0.4969697952E+07 0.1653259380E+00
0.4945000000E+05 0.2476699829E+18 0.4970898438E+07 0.1649905890E+00
0.4950000000E+05 0.2476399899E+18 0.4972934341E+07 0.1646559064E+00
0.4955000000E+05 0.2476000071E+18 0.4972824097E+07 0.1643218889E+00
0.4960000000E+05 0.2475700140E+18 0.4970564651E+07 0.1639885352E+00
0.4965000000E+05 0.2475399971E+18 0.4969050598E+07 0.1636558442E+00
0.4970000000E+05 0.2475100040E+18 0.4968998718E+07 0.1633238145E+00
0.4975000000E+05 0.2474699974E+18 0.4968221664E+07 0.1629924451E+00
0.4980000000E+05 0.2474400043E+18 0.4966202545E+07 0.1626617346E+00
0.4985000000E+05 0.2474099874E+18 0.4965586853E+07 0.1623316819E+00
0.4990000000E+05 0.2473799944E+18 0.4968052673E+07 0.1620022857E+00
0.4995000000E+05 0.2473500013E+18 0.4971100235E+07 0.1616735448E+00
0.5000000000E+05 0.2473099947E+18 0.4970835876E+07 0.1613454581E+00
0.5005000000E+05 0.2472699881E+18 0.4966897583E+07 0.1610180242E+00
0.5010000000E+05 0.2472399950E+18 0.4962407303E+07 0.1606912421E+00
0.5015000000E+05 0.2472100019E+18 0.4959761047E+07 0.1603651104E+00
0.5020000000E+05 0.2471700191E+18 0.4958700180E+07 0.1600396280E+00
0.5025000000E+05 0.2471400023E+18 0.4957639313E+07 0.1597147938E+00
