1000
0.3000000000E+03 0.1059399986E+19 0.3688600063E+06 0.9555282015E+00
0.3500000000E+03 0.1014699936E+19 0.3925512552E+06 0.9555245912E+00
0.4000000000E+03 0.9746000290E+18 0.4143260956E+06 0.9555204256E+00
0.4500000000E+03 0.9348699570E+18 0.4329078197E+06 0.9555157045E+00
0.5000000000E+03 0.8962800026E+18 0.4480029583E+06 0.9555104281E+00
0.5500000000E+03 0.8619500160E+18 0.4600096703E+06 0.9555045963E+00
0.6000000000E+03 0.8287400246E+18 0.4696357727E+06 0.9554982091E+00
0.6500000000E+03 0.7968599796E+18 0.4777204514E+06 0.9554912666E+00
0.7000000000E+03 0.7673899651E+18 0.4848927975E+06 0.9554837688E+00
0.7500000000E+03 0.7400999546E+18 0.4914070606E+06 0.9554757157E+00
0.8000000000E+03 0.7139300346E+18 0.4974571705E+06 0.9554671072E+00
0.8500000000E+03 0.6896600246E+18 0.5034493446E+06 0.9554579435E+00
0.9000000000E+03 0.6663900375E+18 0.5098845005E+06 0.9554482246E+00
0.9500000000E+03 0.6447800159E+18 0.5169635773E+06 0.9554379504E+00
0.1000000000E+04 0.6246799946E+18 0.5243757725E+06 0.9554271210E+00
0.1050000000E+04 0.6059299946E+18 0.5316970348E+06 0.9554157364E+00
0.1100000000E+04 0.5878499985E+18 0.5389154434E+06 0.9554037967E+00
0.1150000000E+04 0.5709700108E+18 0.5464552879E+06 0.9553913018E+00
0.1200000000E+04 0.5546600342E+18 0.5548229694E+06 0.9553782518E+00
0.1250000000E+04 0.5394000053E+18 0.5641415596E+06 0.9553646468E+00
0.1300000000E+04 0.5250800133E+18 0.5740795135E+06 0.9553504867E+00
0.1350000000E+04 0.5116400242E+18 0.5843962669E+06 0.9553357716E+00
0.1400000000E+04 0.4985899925E+18 0.5950576782E+06 0.9553205015E+00
0.1450000000E+04 0.4867000103E+18 0.6057724953E+06 0.9553046764E+00
0.1500000000E+04 0.4750999928E+18 0.6163054943E+06 0.9552882965E+00
0.1550000000E+04 0.4641600132E+18 0.6270559311E+06 0.9552713617E+00
0.1600000000E+04 0.4534800053E+18 0.6384374619E+06 0.9552538720E+00
0.1650000000E+04 0.4437200069E+18 0.6501821518E+06 0.9552358276E+00
0.1700000000E+04 0.4341499805E+18 0.6618651390E+06 0.9552172283E+00
0.1750000000E+04 0.4250800133E+18 0.6735138893E+06 0.9551980744E+00
0.1800000000E+04 0.4164799690E+18 0.6854870319E+06 0.9551783658E+00
0.1850000000E+04 0.4080200195E+18 0.6981173515E+06 0.9551581026E+00
0.1900000000E+04 0.4002699852E+18 0.7113567352E+06 0.9551372848E+00
0.1950000000E+04 0.3926199913E+18 0.7246865749E+06 0.9551159125E+00
0.2000000000E+04 0.3855900049E+18 0.7375604630E+06 0.9550939856E+00
0.2050000000E+04 0.3786399841E+18 0.7498825073E+06 0.9550715044E+00
0.2100000000E+04 0.3720099926E+18 0.7619790554E+06 0.9550484687E+00
0.2150000000E+04 0.3656800032E+18 0.7743262291E+06 0.9550248788E+00
0.2200000000E+04 0.3594099998E+18 0.7873059273E+06 0.9550007345E+00
0.2250000000E+04 0.3536200047E+18 0.8008701324E+06 0.9549760360E+00
0.2300000000E+04 0.3478800058E+18 0.8144502640E+06 0.9549507833E+00
0.2350000000E+04 0.3425799847E+18 0.8275215149E+06 0.9549249766E+00
0.2400000000E+04 0.3372999907E+18 0.8401982307E+06 0.9548986157E+00
0.2450000000E+04 0.3322400093E+18 0.8528574944E+06 0.9548717009E+00
0.2500000000E+04 0.3273799896E+18 0.8654878616E+06 0.9548442321E+00
0.2550000000E+04 0.3227099895E+18 0.8780943871E+06 0.9548162095E+00
0.2600000000E+04 0.3180399895E+18 0.8910963058E+06 0.9547876330E+00
0.2650000000E+04 0.3137300014E+18 0.9046372414E+06 0.9547585028E+00
0.2700000000E+04 0.3094099998E+18 0.9182339668E+06 0.9547288190E+00
0.2750000000E+04 0.3054199934E+18 0.9316098213E+06 0.9546985815E+00
0.2800000000E+04 0.3014100075E+18 0.9451954842E+06 0.9546677905E+00
0.2850000000E+04 0.2975400209E+18 0.9590550423E+06 0.9546364460E+00
0.2900000000E+04 0.2939599991E+18 0.9721554756E+06 0.9546045481E+00
0.2950000000E+04 0.2903599977E+18 0.9839687347E+06 0.9545720968E+00
0.3000000000E+04 0.2868900061E+18 0.9957410812E+06 0.9545390924E+00
0.3050000000E+04 0.2833899975E+18 0.1008741570E+07 0.9545055347E+00
0.3100000000E+04 0.2801399946E+18 0.1022461128E+07 0.9544714239E+00
0.3150000000E+04 0.2769999981E+18 0.1035854340E+07 0.9544367601E+00
0.3200000000E+04 0.2738399982E+18 0.1048995304E+07 0.9544015434E+00
0.3250000000E+04 0.2708999872E+18 0.1062335873E+07 0.9543657738E+00
0.3300000000E+04 0.2679300070E+18 0.1075564003E+07 0.9543294514E+00
0.3350000000E+04 0.2651700020E+18 0.1088132763E+07 0.9542925763E+00
0.3400000000E+04 0.2623800039E+18 0.1100271797E+07 0.9542551486E+00
0.3450000000E+04 0.2596799850E+18 0.1112765598E+07 0.9542171684E+00
0.3500000000E+04 0.2570499897E+18 0.1125931263E+07 0.9541786357E+00
0.3550000000E+04 0.2545000076E+18 0.1139453125E+07 0.9541395507E+00
0.3600000000E+04 0.2520300150E+18 0.1153020382E+07 0.9540999134E+00
0.3650000000E+04 0.2496299982E+18 0.1166479683E+07 0.9540597240E+00
0.3700000000E+04 0.2473000050E+18 0.1179495335E+07 0.9540189824E+00
0.3750000000E+04 0.2450299978E+18 0.1191803074E+07 0.9539776889E+00
0.3800000000E+04 0.2428200006E+18 0.1203979683E+07 0.9539358435E+00
0.3850000000E+04 0.2405800104E+18 0.1216778088E+07 0.9538934463E+00
0.3900000000E+04 0.2384900093E+18 0.1229606247E+07 0.9538504974E+00
0.3950000000E+04 0.2364599943E+18 0.1241618729E+07 0.9538069969E+00
0.4000000000E+04 0.2343899965E+18 0.1253584290E+07 0.9537629449E+00
0.4050000000E+04 0.2323699951E+18 0.1266267109E+07 0.9537183415E+00
0.4100000000E+04 0.2305000067E+18 0.1278798389E+07 0.9536731868E+00
0.4150000000E+04 0.2285799980E+18 0.1290657806E+07 0.9536274810E+00
0.4200000000E+04 0.2267100096E+18 0.1302985859E+07 0.9535812240E+00
0.4250000000E+04 0.2248899937E+18 0.1316676617E+07 0.9535344161E+00
0.4300000000E+04 0.2231199980E+18 0.1330678177E+07 0.9534870574E+00
0.4350000000E+04 0.2214600086E+18 0.1343021965E+07 0.9534391479E+00
0.4400000000E+04 0.2197700024E+18 0.1353329754E+07 0.9533906877E+00
0.4450000000E+04 0.2181200027E+18 0.1363567162E+07 0.9533416770E+00
0.4500000000E+04 0.2164299965E+18 0.1375632858E+07 0.9532921160E+00
0.4550000000E+04 0.2148499966E+18 0.1388899994E+07 0.9532420046E+00
0.4600000000E+04 0.2133100033E+18 0.1401460934E+07 0.9531913430E+00
0.4650000000E+04 0.2118100166E+18 0.1413139057E+07 0.9531401314E+00
0.4700000000E+04 0.2102699995E+18 0.1425134373E+07 0.9530883699E+00
0.4750000000E+04 0.2088299990E+18 0.1437440586E+07 0.9530360585E+00
0.4800000000E+04 0.2074199915E+18 0.1449210930E+07 0.9529831975E+00
0.4850000000E+04 0.2059799910E+18 0.1460624981E+07 0.9529297869E+00
0.4900000000E+04 0.2046300173E+18 0.1472245312E+07 0.9528758269E+00
0.4950000000E+04 0.2032500029E+18 0.1483792210E+07 0.9528213175E+00
0.5000000000E+04 0.2019599915E+18 0.1494985962E+07 0.9527662590E+00
0.5050000000E+04 0.2006299973E+18 0.1506403160E+07 0.9527106514E+00
0.5100000000E+04 0.1993299961E+18 0.1518229675E+07 0.9526544949E+00
0.5150000000E+04 0.1981299996E+18 0.1529589081E+07 0.9525977896E+00
0.5200000000E+04 0.1968799949E+18 0.1540485954E+07 0.9525405357E+00
0.5250000000E+04 0.1956500053E+18 0.1552193737E+07 0.9524827333E+00
0.5300000000E+04 0.1944500089E+18 0.1564615536E+07 0.9524243825E+00
0.5350000000E+04 0.1933399916E+18 0.1576082897E+07 0.9523654834E+00
0.5400000000E+04 0.1921899915E+18 0.1586195374E+07 0.9523060363E+00
0.5450000000E+04 0.1910500050E+18 0.1596225071E+07 0.9522460412E+00
0.5500000000E+04 0.1899399996E+18 0.1606961060E+07 0.9521854983E+00
0.5550000000E+04 0.1888500094E+18 0.1618014145E+07 0.9521244078E+00
0.5600000000E+04 0.1877900004E+18 0.1628595352E+07 0.9520627697E+00
0.5650000000E+04 0.1867400050E+18 0.1638303185E+07 0.9520005843E+00
0.5700000000E+04 0.1857100010E+18 0.1647928238E+07 0.9519378516E+00
0.5750000000E+04 0.1846400142E+18 0.1658870316E+07 0.9518745719E+00
0.5800000000E+04 0.1836500049E+18 0.1671037483E+07 0.9518107453E+00
0.5850000000E+04 0.1826699972E+18 0.1682626534E+07 0.9517463720E+00
0.5900000000E+04 0.1817100048E+18 0.1692528152E+07 0.9516814520E+00
0.5950000000E+04 0.1807700038E+18 0.1701746941E+07 0.9516159856E+00
0.6000000000E+04 0.1797899961E+18 0.1711695480E+07 0.9515499729E+00
0.6050000000E+04 0.1788799882E+18 0.1722068787E+07 0.9514834141E+00
0.6100000000E+04 0.1779799938E+18 0.1731851578E+07 0.9514163094E+00
0.6150000000E+04 0.1770499945E+18 0.1741246796E+07 0.9513486589E+00
0.6200000000E+04 0.1761900067E+18 0.1750973511E+07 0.9512804627E+00
0.6250000000E+04 0.1752900004E+18 0.1761037445E+07 0.9512117211E+00
0.6300000000E+04 0.1744499922E+18 0.1771128082E+07 0.9511424341E+00
0.6350000000E+04 0.1735800028E+18 0.1781137466E+07 0.9510726021E+00
0.6400000000E+04 0.1727700114E+18 0.1791070366E+07 0.9510022251E+00
0.6450000000E+04 0.1719200015E+18 0.1800928116E+07 0.9509313034E+00
0.6500000000E+04 0.1711400032E+18 0.1810598373E+07 0.9508598370E+00
0.6550000000E+04 0.1703199983E+18 0.1819765663E+07 0.9507878263E+00
0.6600000000E+04 0.1695600033E+18 0.1828432846E+07 0.9507152712E+00
0.6650000000E+04 0.1687600017E+18 0.1837329865E+07 0.9506421722E+00
0.6700000000E+04 0.1679800034E+18 0.1846773529E+07 0.9505685292E+00
0.6750000000E+04 0.1672499895E+18 0.1856150055E+07 0.9504943426E+00
0.6800000000E+04 0.1664899945E+18 0.1865357780E+07 0.9504196124E+00
0.6850000000E+04 0.1657400012E+18 0.1874589157E+07 0.9503443389E+00
0.6900000000E+04 0.1650399923E+18 0.1883095360E+07 0.9502685223E+00
0.6950000000E+04 0.1643100023E+18 0.1890674973E+07 0.9501921628E+00
0.7000000000E+04 0.1635999918E+18 0.1898815727E+07 0.9501152604E+00
0.7050000000E+04 0.1628900051E+18 0.1908573532E+07 0.9500378156E+00
0.7100000000E+04 0.1621900082E+18 0.1918779755E+07 0.9499598283E+00
0.7150000000E+04 0.1615400076E+18 0.1927523422E+07 0.9498812989E+00
0.7200000000E+04 0.1608599901E+18 0.1934703064E+07 0.9498022276E+00
0.7250000000E+04 0.1601899981E+18 0.1941815567E+07 0.9497226144E+00
0.7300000000E+04 0.1595299959E+18 0.1949710846E+07 0.9496424597E+00
0.7350000000E+04 0.1588699937E+18 0.1958060837E+07 0.9495617636E+00
0.7400000000E+04 0.1582299948E+18 0.1966437531E+07 0.9494805264E+00
0.7450000000E+04 0.1575899959E+18 0.1974737549E+07 0.9493987482E+00
0.7500000000E+04 0.1569599867E+18 0.1982960892E+07 0.9493164293E+00
0.7550000000E+04 0.1563400030E+18 0.1991104698E+07 0.9492335698E+00
0.7600000000E+04 0.1557299972E+18 0.1999171829E+07 0.9491501700E+00
0.7650000000E+04 0.1551299930E+18 0.2007172012E+07 0.9490662301E+00
0.7700000000E+04 0.1545300007E+18 0.2015106392E+07 0.9489817504E+00
0.7750000000E+04 0.1539399981E+18 0.2022971916E+07 0.9488967309E+00
0.7800000000E+04 0.1533599973E+18 0.2030771828E+07 0.9488111720E+00
0.7850000000E+04 0.1527799964E+18 0.2038504791E+07 0.9487250739E+00
0.7900000000E+04 0.1522099972E+18 0.2046162415E+07 0.9486384368E+00
0.7950000000E+04 0.1516499996E+18 0.2053746796E+07 0.9485512608E+00
0.8000000000E+04 0.1510899901E+18 0.2061154556E+07 0.9484635464E+00
0.8050000000E+04 0.1505399942E+18 0.2067948532E+07 0.9483752935E+00
0.8100000000E+04 0.1500000000E+18 0.2073799896E+07 0.9482865026E+00
0.8150000000E+04 0.1494600058E+18 0.2079585838E+07 0.9481971739E+00
0.8200000000E+04 0.1489000082E+18 0.2086834335E+07 0.9481073074E+00
0.8250000000E+04 0.1483700037E+18 0.2095540619E+07 0.9480169036E+00
0.8300000000E+04 0.1478500009E+18 0.2104065704E+07 0.9479259627E+00
0.8350000000E+04 0.1473399997E+18 0.2111107826E+07 0.9478344848E+00
0.8400000000E+04 0.1468299985E+18 0.2116674995E+07 0.9477424702E+00
0.8450000000E+04 0.1463299990E+18 0.2122067261E+07 0.9476499192E+00
0.8500000000E+04 0.1458000064E+18 0.2128909492E+07 0.9475568320E+00
0.8550000000E+04 0.1452999949E+18 0.2137101555E+07 0.9474632088E+00
0.8600000000E+04 0.1448199868E+18 0.2144695282E+07 0.9473690500E+00
0.8650000000E+04 0.1443400025E+18 0.2150492096E+07 0.9472743557E+00
0.8700000000E+04 0.1438599944E+18 0.2155685806E+07 0.9471791262E+00
0.8750000000E+04 0.1433600068E+18 0.2162126541E+07 0.9470833617E+00
0.8800000000E+04 0.1428900003E+18 0.2169485855E+07 0.9469870626E+00
0.8850000000E+04 0.1424299955E+18 0.2175910950E+07 0.9468902290E+00
0.8900000000E+04 0.1419700027E+18 0.2181293869E+07 0.9467928613E+00
0.8950000000E+04 0.1414900064E+18 0.2187056351E+07 0.9466949597E+00
0.9000000000E+04 0.1410400033E+18 0.2193312454E+07 0.9465965244E+00
0.9050000000E+04 0.1405900002E+18 0.2199403191E+07 0.9464975558E+00
0.9100000000E+04 0.1401200056E+18 0.2205537605E+07 0.9463980540E+00
0.9150000000E+04 0.1396899939E+18 0.2211723328E+07 0.9462980194E+00
0.9200000000E+04 0.1392500043E+18 0.2217648315E+07 0.9461974522E+00
0.9250000000E+04 0.1388000011E+18 0.2223639107E+07 0.9460963527E+00
0.9300000000E+04 0.1383700013E+18 0.2229687500E+07 0.9459947212E+00
0.9350000000E+04 0.1379500031E+18 0.2235462570E+07 0.9458925580E+00
0.9400000000E+04 0.1375100017E+18 0.2241289139E+07 0.9457898633E+00
0.9450000000E+04 0.1371000051E+18 0.2247170258E+07 0.9456866374E+00
0.9500000000E+04 0.1366899967E+18 0.2252779770E+07 0.9455828806E+00
0.9550000000E+04 0.1362599969E+18 0.2258440781E+07 0.9454785932E+00
0.9600000000E+04 0.1358600020E+18 0.2264165688E+07 0.9453737755E+00
0.9650000000E+04 0.1354599953E+18 0.2269640541E+07 0.9452684277E+00
0.9700000000E+04 0.1350399971E+18 0.2275181198E+07 0.9451625502E+00
0.9750000000E+04 0.1346500039E+18 0.2280779648E+07 0.9450561432E+00
0.9800000000E+04 0.1342599988E+18 0.2286115646E+07 0.9449492071E+00
0.9850000000E+04 0.1338500023E+18 0.2291515732E+07 0.9448417421E+00
0.9900000000E+04 0.1334699988E+18 0.2296873474E+07 0.9447337485E+00
0.9950000000E+04 0.1330899954E+18 0.2301545334E+07 0.9446252267E+00
0.1000000000E+05 0.1326900005E+18 0.2305984306E+07 0.9445161769E+00
0.1005000000E+05 0.1323199987E+18 0.2311348343E+07 0.9444065995E+00
0.1010000000E+05 0.1319199920E+18 0.2317673492E+07 0.9442964947E+00
0.1015000000E+05 0.1315600038E+18 0.2323523521E+07 0.9441858629E+00
0.1020000000E+05 0.1312000036E+18 0.2327817345E+07 0.9440747043E+00
0.1025000000E+05 0.1308200002E+18 0.2331543732E+07 0.9439630194E+00
0.1030000000E+05 0.1304499984E+18 0.2336445236E+07 0.9438508083E+00
0.1035000000E+05 0.1300799966E+18 0.2342468643E+07 0.9437380715E+00
0.1040000000E+05 0.1297299981E+18 0.2348045349E+07 0.9436248093E+00
0.1045000000E+05 0.1293799996E+18 0.2352534485E+07 0.9435110218E+00
0.1050000000E+05 0.1290099978E+18 0.2356790733E+07 0.9433967096E+00
0.1055000000E+05 0.1286700010E+18 0.2361646843E+07 0.9432818729E+00
0.1060000000E+05 0.1282999992E+18 0.2367090607E+07 0.9431665121E+00
0.1065000000E+05 0.1279600024E+18 0.2372289085E+07 0.9430506274E+00
0.1070000000E+05 0.1276300073E+18 0.2376414108E+07 0.9429342192E+00
0.1075000000E+05 0.1272799969E+18 0.2380089188E+07 0.9428172879E+00
0.1080000000E+05 0.1269400001E+18 0.2384771919E+07 0.9426998338E+00
0.1085000000E+05 0.1265900016E+18 0.2390465546E+07 0.9425818572E+00
0.1090000000E+05 0.1262700081E+18 0.2395715523E+07 0.9424633584E+00
0.1095000000E+05 0.1259400010E+18 0.2399901581E+07 0.9423443379E+00
0.1100000000E+05 0.1255999923E+18 0.2403856277E+07 0.9422247959E+00
0.1105000000E+05 0.1252799988E+18 0.2408404541E+07 0.9421047328E+00
0.1110000000E+05 0.1249400020E+18 0.2413543701E+07 0.9419841489E+00
0.1115000000E+05 0.1246299982E+18 0.2418449974E+07 0.9418630447E+00
0.1120000000E+05 0.1243200064E+18 0.2422298431E+07 0.9417414204E+00
0.1125000000E+05 0.1239899993E+18 0.2425703049E+07 0.9416192765E+00
0.1130000000E+05 0.1236700058E+18 0.2430104828E+07 0.9414966132E+00
0.1135000000E+05 0.1233500004E+18 0.2435511017E+07 0.9413734310E+00
0.1140000000E+05 0.1230499983E+18 0.2440495300E+07 0.9412497301E+00
0.1145000000E+05 0.1227400064E+18 0.2444446945E+07 0.9411255111E+00
0.1150000000E+05 0.1224200010E+18 0.2448178101E+07 0.9410007741E+00
0.1155000000E+05 0.1221300006E+18 0.2452492142E+07 0.9408755197E+00
0.1160000000E+05 0.1218099952E+18 0.2457378197E+07 0.9407497482E+00
0.1165000000E+05 0.1215100050E+18 0.2462029648E+07 0.9406234599E+00
0.1170000000E+05 0.1212299943E+18 0.2465654755E+07 0.9404966552E+00
0.1175000000E+05 0.1209200025E+18 0.2468870354E+07 0.9403693346E+00
0.1180000000E+05 0.1206200004E+18 0.2473085976E+07 0.9402414984E+00
0.1185000000E+05 0.1203199983E+18 0.2478295326E+07 0.9401131469E+00
0.1190000000E+05 0.1200399995E+18 0.2483167267E+07 0.9399842806E+00
0.1195000000E+05 0.1197499990E+18 0.2487334442E+07 0.9398548999E+00
0.1200000000E+05 0.1194499969E+18 0.2491517258E+07 0.9397250051E+00
0.1205000000E+05 0.1191799998E+18 0.2495642281E+07 0.9395945967E+00
0.1210000000E+05 0.1189000010E+18 0.2499234390E+07 0.9394636749E+00
0.1215000000E+05 0.1185999990E+18 0.2502735901E+07 0.9393322404E+00
0.1220000000E+05 0.1183300018E+18 0.2506826591E+07 0.9392002933E+00
0.1225000000E+05 0.1180400014E+18 0.2511501503E+07 0.9390678343E+00
0.1230000000E+05 0.1177600026E+18 0.2516082764E+07 0.9389348635E+00
0.1235000000E+05 0.1174999952E+18 0.2520132828E+07 0.9388013815E+00
0.1240000000E+05 0.1172100067E+18 0.2524123383E+07 0.9386673887E+00
0.1245000000E+05 0.1169399977E+18 0.2528265572E+07 0.9385328855E+00
0.1250000000E+05 0.1166800022E+18 0.2532218552E+07 0.9383978722E+00
0.1255000000E+05 0.1163999915E+18 0.2536204529E+07 0.9382623494E+00
0.1260000000E+05 0.1161399961E+18 0.2540328217E+07 0.9381263174E+00
0.1265000000E+05 0.1158800006E+18 0.2544243813E+07 0.9379897766E+00
0.1270000000E+05 0.1156099916E+18 0.2548192215E+07 0.9378527276E+00
0.1275000000E+05 0.1153499961E+18 0.2552296829E+07 0.9377151706E+00
0.1280000000E+05 0.1150900006E+18 0.2556284332E+07 0.9375771062E+00
0.1285000000E+05 0.1148200035E+18 0.2560598373E+07 0.9374385347E+00
0.1290000000E+05 0.1145699978E+18 0.2565278244E+07 0.9372994567E+00
0.1295000000E+05 0.1143200040E+18 0.2569234467E+07 0.9371598725E+00
0.1300000000E+05 0.1140699983E+18 0.2572465515E+07 0.9370197825E+00
0.1305000000E+05 0.1138000011E+18 0.2576063919E+07 0.9368791873E+00
0.1310000000E+05 0.1135599971E+18 0.2580004501E+07 0.9367380873E+00
0.1315000000E+05 0.1133100033E+18 0.2583951569E+07 0.9365964829E+00
0.1320000000E+05 0.1130499959E+18 0.2588485909E+07 0.9364543745E+00
0.1325000000E+05 0.1128099918E+18 0.2593382835E+07 0.9363117627E+00
0.1330000000E+05 0.1125599980E+18 0.2597323608E+07 0.9361686478E+00
0.1335000000E+05 0.1123200059E+18 0.2600382805E+07 0.9360250304E+00
0.1340000000E+05 0.1120700002E+18 0.2604201508E+07 0.9358809108E+00
0.1345000000E+05 0.1118299961E+18 0.2609256172E+07 0.9357362896E+00
0.1350000000E+05 0.1115900040E+18 0.2614067268E+07 0.9355911673E+00
0.1355000000E+05 0.1113600016E+18 0.2617442322E+07 0.9354455442E+00
0.1360000000E+05 0.1111200094E+18 0.2620168877E+07 0.9352994208E+00
0.1365000000E+05 0.1108800054E+18 0.2623929787E+07 0.9351527977E+00
0.1370000000E+05 0.1106400013E+18 0.2628971863E+07 0.9350056753E+00
0.1375000000E+05 0.1104099989E+18 0.2633764076E+07 0.9348580540E+00
0.1380000000E+05 0.1101799965E+18 0.2637145233E+07 0.9347099344E+00
0.1385000000E+05 0.1099600077E+18 0.2639900017E+07 0.9345613170E+00
0.1390000000E+05 0.1097100019E+18 0.2643676567E+07 0.9344122022E+00
0.1395000000E+05 0.1094799995E+18 0.2648782730E+07 0.9342625905E+00
0.1400000000E+05 0.1092599988E+18 0.2654026604E+07 0.9341124824E+00
0.1405000000E+05 0.1090399981E+18 0.2658503151E+07 0.9339618784E+00
0.1410000000E+05 0.1088199973E+18 0.2662121964E+07 0.9338107790E+00
0.1415000000E+05 0.1085900068E+18 0.2664968872E+07 0.9336591846E+00
0.1420000000E+05 0.1083699942E+18 0.2667692184E+07 0.9335070959E+00
0.1425000000E+05 0.1081400037E+18 0.2671470261E+07 0.9333545133E+00
0.1430000000E+05 0.1079200029E+18 0.2676401520E+07 0.9332014373E+00
0.1435000000E+05 0.1077000022E+18 0.2681340599E+07 0.9330478683E+00
0.1440000000E+05 0.1074800014E+18 0.2685745239E+07 0.9328938070E+00
0.1445000000E+05 0.1072700024E+18 0.2690018845E+07 0.9327392539E+00
0.1450000000E+05 0.1070599914E+18 0.2694337463E+07 0.9325842094E+00
0.1455000000E+05 0.1068400025E+18 0.2698534393E+07 0.9324286740E+00
0.1460000000E+05 0.1066300035E+18 0.2702599907E+07 0.9322726484E+00
0.1465000000E+05 0.1064200044E+18 0.2706634331E+07 0.9321161330E+00
0.1470000000E+05 0.1062099934E+18 0.2710678101E+07 0.9319591283E+00
0.1475000000E+05 0.1059999943E+18 0.2714734268E+07 0.9318016349E+00
0.1480000000E+05 0.1057899952E+18 0.2718801498E+07 0.9316436533E+00
0.1485000000E+05 0.1055800080E+18 0.2722878075E+07 0.9314851841E+00
0.1490000000E+05 0.1053799987E+18 0.2726968765E+07 0.9313262277E+00
0.1495000000E+05 0.1051699996E+18 0.2731076431E+07 0.9311667848E+00
0.1500000000E+05 0.1049700022E+18 0.2735192108E+07 0.9310068558E+00
0.1505000000E+05 0.1047600031E+18 0.2739309311E+07 0.9308464413E+00
0.1510000000E+05 0.1045599937E+18 0.2743436050E+07 0.9306855419E+00
0.1515000000E+05 0.1043599963E+18 0.2747578049E+07 0.9305241581E+00
0.1520000000E+05 0.1041599989E+18 0.2751736069E+07 0.9303622905E+00
0.1525000000E+05 0.1039499998E+18 0.2755910873E+07 0.9301999396E+00
0.1530000000E+05 0.1037600040E+18 0.2760101509E+07 0.9300371060E+00
0.1535000000E+05 0.1035600066E+18 0.2764387512E+07 0.9298737902E+00
0.1540000000E+05 0.1033599973E+18 0.2769082832E+07 0.9297099928E+00
0.1545000000E+05 0.1031599998E+18 0.2774361038E+07 0.9295457144E+00
0.1550000000E+05 0.1029700041E+18 0.2779529572E+07 0.9293809556E+00
0.1555000000E+05 0.1027899981E+18 0.2783615494E+07 0.9292157169E+00
0.1560000000E+05 0.1025900006E+18 0.2786804581E+07 0.9290499989E+00
0.1565000000E+05 0.1024000049E+18 0.2790192223E+07 0.9288838021E+00
0.1570000000E+05 0.1021999955E+18 0.2794478226E+07 0.9287171272E+00
0.1575000000E+05 0.1020200014E+18 0.2799640656E+07 0.9285499748E+00
0.1580000000E+05 0.1018200040E+18 0.2804968834E+07 0.9283823454E+00
0.1585000000E+05 0.1016399980E+18 0.2809493828E+07 0.9282142396E+00
0.1590000000E+05 0.1014600039E+18 0.2813367081E+07 0.9280456580E+00
0.1595000000E+05 0.1012700081E+18 0.2817703056E+07 0.9278766012E+00
0.1600000000E+05 0.1010800004E+18 0.2822506332E+07 0.9277070699E+00
0.1605000000E+05 0.1009099960E+18 0.2826734543E+07 0.9275370645E+00
0.1610000000E+05 0.1007200003E+18 0.2830482864E+07 0.9273665858E+00
0.1615000000E+05 0.1005299926E+18 0.2834876633E+07 0.9271956342E+00
0.1620000000E+05 0.1003499985E+18 0.2839974976E+07 0.9270242105E+00
0.1625000000E+05 0.1001800060E+18 0.2844823456E+07 0.9268523153E+00
0.1630000000E+05 0.9999499917E+17 0.2849259186E+07 0.9266799490E+00
0.1635000000E+05 0.9980999827E+17 0.2853763962E+07 0.9265071125E+00
0.1640000000E+05 0.9964000583E+17 0.2858270264E+07 0.9263338063E+00
0.1645000000E+05 0.9946200252E+17 0.2862693787E+07 0.9261600309E+00
0.1650000000E+05 0.9927900434E+17 0.2867262650E+07 0.9259857871E+00
0.1655000000E+05 0.9911100268E+17 0.2871825027E+07 0.9258110755E+00
0.1660000000E+05 0.9893399477E+17 0.2876365662E+07 0.9256358967E+00
0.1665000000E+05 0.9875400066E+17 0.2881326675E+07 0.9254602513E+00
0.1670000000E+05 0.9858800173E+17 0.2886546898E+07 0.9252841399E+00
0.1675000000E+05 0.9841299653E+17 0.2891371918E+07 0.9251075633E+00
0.1680000000E+05 0.9824800491E+17 0.2895824814E+07 0.9249305221E+00
0.1685000000E+05 0.9807099700E+17 0.2900434303E+07 0.9247530168E+00
0.1690000000E+05 0.9790700078E+17 0.2905246925E+07 0.9245750482E+00
0.1695000000E+05 0.9773499370E+17 0.2909887505E+07 0.9243966169E+00
0.1700000000E+05 0.9757300019E+17 0.2914359283E+07 0.9242177236E+00
0.1705000000E+05 0.9739800692E+17 0.2919035912E+07 0.9240383688E+00
0.1710000000E+05 0.9723700285E+17 0.2923925018E+07 0.9238585533E+00
0.1715000000E+05 0.9706699848E+17 0.2928664017E+07 0.9236782778E+00
0.1720000000E+05 0.9690700173E+17 0.2933237457E+07 0.9234975429E+00
0.1725000000E+05 0.9673500061E+17 0.2938051605E+07 0.9233163492E+00
0.1730000000E+05 0.9657599926E+17 0.2943299866E+07 0.9231346975E+00
0.1735000000E+05 0.9640900493E+17 0.2948626518E+07 0.9229525884E+00
0.1740000000E+05 0.9625200629E+17 0.2953515625E+07 0.9227700226E+00
0.1745000000E+05 0.9609499574E+17 0.2958067131E+07 0.9225870007E+00
0.1750000000E+05 0.9592500329E+17 0.2962887573E+07 0.9224035235E+00
0.1755000000E+05 0.9576900005E+17 0.2968045425E+07 0.9222195916E+00
0.1760000000E+05 0.9561400414E+17 0.2973128128E+07 0.9220352058E+00
0.1765000000E+05 0.9545100331E+17 0.2978015518E+07 0.9218503667E+00
0.1770000000E+05 0.9529700279E+17 0.2982709312E+07 0.9216650749E+00
0.1775000000E+05 0.9514300227E+17 0.2987360764E+07 0.9214793313E+00
0.1780000000E+05 0.9497699738E+17 0.2992476463E+07 0.9212931365E+00
0.1785000000E+05 0.9482499957E+17 0.2998018646E+07 0.9211064912E+00
0.1790000000E+05 0.9467199445E+17 0.3003246880E+07 0.9209193961E+00
0.1795000000E+05 0.9452100396E+17 0.3008046913E+07 0.9207318520E+00
0.1800000000E+05 0.9436200261E+17 0.3013084412E+07 0.9205438594E+00
0.1805000000E+05 0.9421100020E+17 0.3018523407E+07 0.9203554193E+00
0.1810000000E+05 0.9406100512E+17 0.3023732758E+07 0.9201665321E+00
0.1815000000E+05 0.9391200542E+17 0.3028304672E+07 0.9199771988E+00
0.1820000000E+05 0.9376199841E+17 0.3032740593E+07 0.9197874199E+00
0.1825000000E+05 0.9360200167E+17 0.3037838936E+07 0.9195971963E+00
0.1830000000E+05 0.9345399737E+17 0.3043617249E+07 0.9194065287E+00
0.1835000000E+05 0.9330699444E+17 0.3049406242E+07 0.9192154177E+00
0.1840000000E+05 0.9315999746E+17 0.3054829788E+07 0.9190238641E+00
0.1845000000E+05 0.9301299453E+17 0.3060025024E+07 0.9188318687E+00
0.1850000000E+05 0.9286700487E+17 0.3065176582E+07 0.9186394322E+00
0.1855000000E+05 0.9272199869E+17 0.3070337486E+07 0.9184465554E+00
0.1860000000E+05 0.9257600307E+17 0.3075521851E+07 0.9182532389E+00
0.1865000000E+05 0.9243199825E+17 0.3080737495E+07 0.9180594835E+00
0.1870000000E+05 0.9228799939E+17 0.3085978127E+07 0.9178652900E+00
0.1875000000E+05 0.9214399457E+17 0.3091236115E+07 0.9176706592E+00
0.1880000000E+05 0.9200099707E+17 0.3096512604E+07 0.9174755917E+00
0.1885000000E+05 0.9185800552E+17 0.3101812553E+07 0.9172800884E+00
0.1890000000E+05 0.9171600342E+17 0.3107135963E+07 0.9170841500E+00
0.1895000000E+05 0.9157400131E+17 0.3112510872E+07 0.9168877773E+00
0.1900000000E+05 0.9143300056E+17 0.3118064117E+07 0.9166909710E+00
0.1905000000E+05 0.9129200578E+17 0.3123888969E+07 0.9164937319E+00
0.1910000000E+05 0.9115199447E+17 0.3129717255E+07 0.9162960608E+00
0.1915000000E+05 0.9102300406E+17 0.3135093689E+07 0.9160979585E+00
0.1920000000E+05 0.9088300467E+17 0.3140054703E+07 0.9158994257E+00
0.1925000000E+05 0.9074400067E+17 0.3145139122E+07 0.9157004632E+00
0.1930000000E+05 0.9060600400E+17 0.3150653076E+07 0.9155010718E+00
0.1935000000E+05 0.9046700001E+17 0.3156343651E+07 0.9153012523E+00
0.1940000000E+05 0.9033700228E+17 0.3161853218E+07 0.9151010055E+00
0.1945000000E+05 0.9020000100E+17 0.3167254639E+07 0.9149003321E+00
0.1950000000E+05 0.9006299973E+17 0.3172873497E+07 0.9146992331E+00
0.1955000000E+05 0.8992599845E+17 0.3178660965E+07 0.9144977090E+00
0.1960000000E+05 0.8980099559E+17 0.3184278107E+07 0.9142957609E+00
0.1965000000E+05 0.8966500163E+17 0.3189707756E+07 0.9140933894E+00
0.1970000000E+05 0.8953000307E+17 0.3195179558E+07 0.9138905954E+00
0.1975000000E+05 0.8940200210E+17 0.3200757599E+07 0.9136873797E+00
0.1980000000E+05 0.8926799893E+17 0.3206435776E+07 0.9134837430E+00
0.1985000000E+05 0.8913399577E+17 0.3212209320E+07 0.9132796863E+00
0.1990000000E+05 0.8901099563E+17 0.3217951584E+07 0.9130752103E+00
0.1995000000E+05 0.8887700438E+17 0.3223595428E+07 0.9128703158E+00
0.2000000000E+05 0.8875100017E+17 0.3229243851E+07 0.9126650037E+00
0.2005000000E+05 0.8861899376E+17 0.3234937668E+07 0.9124592748E+00
0.2010000000E+05 0.8849700093E+17 0.3240604782E+07 0.9122531300E+00
0.2015000000E+05 0.8836599588E+17 0.3246251678E+07 0.9120465699E+00
0.2020000000E+05 0.8824099898E+17 0.3251959229E+07 0.9118395956E+00
0.2025000000E+05 0.8811099529E+17 0.3257731247E+07 0.9116322078E+00
0.2030000000E+05 0.8798999786E+17 0.3263517380E+07 0.9114244073E+00
0.2035000000E+05 0.8786000013E+17 0.3269312668E+07 0.9112161951E+00
0.2040000000E+05 0.8773699999E+17 0.3275104904E+07 0.9110075719E+00
0.2045000000E+05 0.8761800528E+17 0.3280854797E+07 0.9107985386E+00
0.2050000000E+05 0.8748899698E+17 0.3286593628E+07 0.9105890960E+00
0.2055000000E+05 0.8736699820E+17 0.3292396927E+07 0.9103792450E+00
0.2060000000E+05 0.8723899722E+17 0.3298265839E+07 0.9101689865E+00
0.2065000000E+05 0.8712099791E+17 0.3304135895E+07 0.9099583213E+00
0.2070000000E+05 0.8700000048E+17 0.3309975052E+07 0.9097472502E+00
0.2075000000E+05 0.8688200116E+17 0.3315812683E+07 0.9095357742E+00
0.2080000000E+05 0.8675600290E+17 0.3321679688E+07 0.9093238941E+00
0.2085000000E+05 0.8663600087E+17 0.3327570343E+07 0.9091116107E+00
0.2090000000E+05 0.8652000427E+17 0.3333475113E+07 0.9088989250E+00
0.2095000000E+05 0.8640000224E+17 0.3339390945E+07 0.9086858378E+00
0.2100000000E+05 0.8627499938E+17 0.3345298386E+07 0.9084723500E+00
0.2105000000E+05 0.8615999818E+17 0.3351190567E+07 0.9082584624E+00
0.2110000000E+05 0.8604199886E+17 0.3357087326E+07 0.9080441760E+00
0.2115000000E+05 0.8592699766E+17 0.3363004684E+07 0.9078294916E+00
0.2120000000E+05 0.8580899835E+17 0.3368943787E+07 0.9076144101E+00
0.2125000000E+05 0.8569499850E+17 0.3374903107E+07 0.9073989324E+00
0.2130000000E+05 0.8557799459E+17 0.3380876541E+07 0.9071830595E+00
0.2135000000E+05 0.8546400070E+17 0.3386859131E+07 0.9069667921E+00
0.2140000000E+05 0.8534799814E+17 0.3392853165E+07 0.9067501312E+00
0.2145000000E+05 0.8523499966E+17 0.3398860931E+07 0.9065330776E+00
0.2150000000E+05 0.8511900306E+17 0.3404887390E+07 0.9063156324E+00
0.2155000000E+05 0.8500699997E+17 0.3410937500E+07 0.9060977964E+00
0.2160000000E+05 0.8489200473E+17 0.3417004776E+07 0.9058795704E+00
0.2165000000E+05 0.8478000164E+17 0.3423064041E+07 0.9056609555E+00
0.2170000000E+05 0.8466600180E+17 0.3429092026E+07 0.9054419525E+00
0.2175000000E+05 0.8455500603E+17 0.3435066986E+07 0.9052225623E+00
0.2180000000E+05 0.8444399834E+17 0.3440956497E+07 0.9050027858E+00
0.2185000000E+05 0.8432999849E+17 0.3446842194E+07 0.9047826241E+00
0.2190000000E+05 0.8422600031E+17 0.3452960968E+07 0.9045620779E+00
0.2195000000E+05 0.8411599994E+17 0.3459357834E+07 0.9043411482E+00
0.2200000000E+05 0.8400299549E+17 0.3465704727E+07 0.9041198360E+00
0.2205000000E+05 0.8389400244E+17 0.3471715546E+07 0.9038981421E+00
0.2210000000E+05 0.8378199339E+17 0.3477550125E+07 0.9036760676E+00
0.2215000000E+05 0.8367799520E+17 0.3483546829E+07 0.9034536132E+00
0.2220000000E+05 0.8356999755E+17 0.3489709473E+07 0.9032307801E+00
0.2225000000E+05 0.8345899582E+17 0.3495861053E+07 0.9030075690E+00
0.2230000000E+05 0.8335600495E+17 0.3502045822E+07 0.9027839810E+00
0.2235000000E+05 0.8324800134E+17 0.3508250427E+07 0.9025600170E+00
0.2240000000E+05 0.8313800097E+17 0.3514267349E+07 0.9023356780E+00
0.2245000000E+05 0.8303600550E+17 0.3520173264E+07 0.9021109648E+00
0.2250000000E+05 0.8292899728E+17 0.3526279449E+07 0.9018858784E+00
0.2255000000E+05 0.8282799721E+17 0.3532574844E+07 0.9016604199E+00
0.2260000000E+05 0.8271899819E+17 0.3538793564E+07 0.9014345901E+00
0.2265000000E+05 0.8261799812E+17 0.3544921875E+07 0.9012083900E+00
0.2270000000E+05 0.8251299858E+17 0.3551179504E+07 0.9009818205E+00
0.2275000000E+05 0.8241200447E+17 0.3557565689E+07 0.9007548827E+00
0.2280000000E+05 0.8230400085E+17 0.3563803101E+07 0.9005275774E+00
0.2285000000E+05 0.8220500350E+17 0.3569748688E+07 0.9002999057E+00
0.2290000000E+05 0.8209999800E+17 0.3575650024E+07 0.9000718686E+00
0.2295000000E+05 0.8200100064E+17 0.3581895447E+07 0.8998434669E+00
0.2300000000E+05 0.8190200329E+17 0.3588404465E+07 0.8996147017E+00
0.2305000000E+05 0.8179499507E+17 0.3594700241E+07 0.8993855739E+00
0.2310000000E+05 0.8169599771E+17 0.3600740433E+07 0.8991560845E+00
0.2315000000E+05 0.8159799576E+17 0.3606874847E+07 0.8989262346E+00
0.2320000000E+05 0.8149500489E+17 0.3613215637E+07 0.8986960250E+00
0.2325000000E+05 0.8139700294E+17 0.3619781494E+07 0.8984654567E+00
0.2330000000E+05 0.8129899502E+17 0.3626411057E+07 0.8982345309E+00
0.2335000000E+05 0.8119400144E+17 0.3632545471E+07 0.8980032483E+00
0.2340000000E+05 0.8109699488E+17 0.3638060760E+07 0.8977716101E+00
0.2345000000E+05 0.8100000024E+17 0.3643592072E+07 0.8975396172E+00
0.2350000000E+05 0.8090299964E+17 0.3649609375E+07 0.8973072706E+00
0.2355000000E+05 0.8080700040E+17 0.3656132889E+07 0.8970745713E+00
0.2360000000E+05 0.8071100116E+17 0.3663075256E+07 0.8968415203E+00
0.2365000000E+05 0.8061499596E+17 0.3670046997E+07 0.8966081186E+00
0.2370000000E+05 0.8051399589E+17 0.3676451492E+07 0.8963743673E+00
0.2375000000E+05 0.8041799664E+17 0.3682265472E+07 0.8961402672E+00
0.2380000000E+05 0.8032299876E+17 0.3688061142E+07 0.8959058195E+00
0.2385000000E+05 0.8022799492E+17 0.3694139099E+07 0.8956710251E+00
0.2390000000E+05 0.8013300300E+17 0.3700204849E+07 0.8954358850E+00
0.2395000000E+05 0.8003800511E+17 0.3705939102E+07 0.8952004003E+00
0.2400000000E+05 0.7994399667E+17 0.3711661148E+07 0.8949645720E+00
0.2405000000E+05 0.7985500693E+17 0.3718048477E+07 0.8947284010E+00
0.2410000000E+05 0.7975999713E+17 0.3725129700E+07 0.8944918884E+00
0.2415000000E+05 0.7966699600E+17 0.3732240677E+07 0.8942550353E+00
0.2420000000E+05 0.7957299948E+17 0.3738906097E+07 0.8940178426E+00
0.2425000000E+05 0.7948000431E+17 0.3744939041E+07 0.8937803114E+00
0.2430000000E+05 0.7938600183E+17 0.3750273514E+07 0.8935424426E+00
0.2435000000E+05 0.7929300070E+17 0.3755587769E+07 0.8933042374E+00
0.2440000000E+05 0.7920800447E+17 0.3761968994E+07 0.8930656967E+00
0.2445000000E+05 0.7911499739E+17 0.3769220352E+07 0.8928268216E+00
0.2450000000E+05 0.7902299762E+17 0.3776044083E+07 0.8925876131E+00
0.2455000000E+05 0.7893100381E+17 0.3782137680E+07 0.8923480723E+00
0.2460000000E+05 0.7884299755E+17 0.3788173294E+07 0.8921082002E+00
0.2465000000E+05 0.7875199914E+17 0.3794145203E+07 0.8918679977E+00
0.2470000000E+05 0.7865999937E+17 0.3799804688E+07 0.8916274661E+00
0.2475000000E+05 0.7857599854E+17 0.3805773544E+07 0.8913866062E+00
0.2480000000E+05 0.7848500609E+17 0.3812633133E+07 0.8911454192E+00
0.2485000000E+05 0.7839799523E+17 0.3819834518E+07 0.8909039060E+00
0.2490000000E+05 0.7830700278E+17 0.3826353455E+07 0.8906620679E+00
0.2495000000E+05 0.7821699977E+17 0.3831987762E+07 0.8904199056E+00
0.2500000000E+05 0.7813299894E+17 0.3837348557E+07 0.8901774205E+00
0.2505000000E+05 0.7804300189E+17 0.3842876816E+07 0.8899346134E+00
0.2510000000E+05 0.7795800567E+17 0.3848921967E+07 0.8896914855E+00
0.2515000000E+05 0.7787500024E+17 0.3855870438E+07 0.8894480377E+00
0.2520000000E+05 0.7778500319E+17 0.3863159180E+07 0.8892042712E+00
0.2525000000E+05 0.7770000696E+17 0.3869609451E+07 0.8889601871E+00
0.2530000000E+05 0.7761100531E+17 0.3875215530E+07 0.8887157862E+00
0.2535000000E+05 0.7752899528E+17 0.3881100082E+07 0.8884710699E+00
0.2540000000E+05 0.7744399905E+17 0.3887560654E+07 0.8882260390E+00
0.2545000000E+05 0.7735600471E+17 0.3893975067E+07 0.8879806946E+00
0.2550000000E+05 0.7727400064E+17 0.3900363922E+07 0.8877350379E+00
0.2555000000E+05 0.7718999982E+17 0.3906825256E+07 0.8874890699E+00
0.2560000000E+05 0.7710199952E+17 0.3912602997E+07 0.8872427916E+00
0.2565000000E+05 0.7702100277E+17 0.3917697144E+07 0.8869962042E+00
0.2570000000E+05 0.7693700194E+17 0.3923543930E+07 0.8867493086E+00
0.2575000000E+05 0.7685599923E+17 0.3930923843E+07 0.8865021061E+00
0.2580000000E+05 0.7677300572E+17 0.3938584518E+07 0.8862545975E+00
0.2585000000E+05 0.7668599486E+17 0.3944851685E+07 0.8860067841E+00
0.2590000000E+05 0.7660599947E+17 0.3949853134E+07 0.8857586669E+00
0.2595000000E+05 0.7652300000E+17 0.3954983139E+07 0.8855102469E+00
0.2600000000E+05 0.7644299865E+17 0.3960879898E+07 0.8852615253E+00
0.2605000000E+05 0.7636099458E+17 0.3967211151E+07 0.8850125031E+00
0.2610000000E+05 0.7628099918E+17 0.3973635864E+07 0.8847631815E+00
0.2615000000E+05 0.7619900107E+17 0.3980076599E+07 0.8845135614E+00
0.2620000000E+05 0.7611899972E+17 0.3986524963E+07 0.8842636440E+00
0.2625000000E+05 0.7603799701E+17 0.3992974854E+07 0.8840134304E+00
0.2630000000E+05 0.7595899701E+17 0.3999335861E+07 0.8837629216E+00
0.2635000000E+05 0.7587699890E+17 0.4005203247E+07 0.8835121187E+00
0.2640000000E+05 0.7579800487E+17 0.4010160828E+07 0.8832610229E+00
0.2645000000E+05 0.7571799755E+17 0.4014910889E+07 0.8830096352E+00
0.2650000000E+05 0.7564299703E+17 0.4021079636E+07 0.8827579566E+00
0.2655000000E+05 0.7556500435E+17 0.4028878021E+07 0.8825059884E+00
0.2660000000E+05 0.7548400164E+17 0.4036368942E+07 0.8822537316E+00
0.2665000000E+05 0.7540600300E+17 0.4042028046E+07 0.8820011872E+00
0.2670000000E+05 0.7532600164E+17 0.4046857834E+07 0.8817483564E+00
0.2675000000E+05 0.7525200248E+17 0.4052904510E+07 0.8814952403E+00
0.2680000000E+05 0.7517399788E+17 0.4060067368E+07 0.8812418400E+00
0.2685000000E+05 0.7509399652E+17 0.4066351700E+07 0.8809881565E+00
0.2690000000E+05 0.7501699924E+17 0.4071332932E+07 0.8807341910E+00
0.2695000000E+05 0.7494400144E+17 0.4076498413E+07 0.8804799445E+00
0.2700000000E+05 0.7486400008E+17 0.4082774734E+07 0.8802254182E+00
0.2705000000E+05 0.7479099631E+17 0.4089891815E+07 0.8799706132E+00
0.2710000000E+05 0.7471500039E+17 0.4096763992E+07 0.8797155305E+00
0.2715000000E+05 0.7463600039E+17 0.4102371597E+07 0.8794601714E+00
0.2720000000E+05 0.7456300259E+17 0.4107357788E+07 0.8792045367E+00
0.2725000000E+05 0.7448700070E+17 0.4113193893E+07 0.8789486278E+00
0.2730000000E+05 0.7441400290E+17 0.4119839096E+07 0.8786924456E+00
0.2735000000E+05 0.7433599830E+17 0.4126013947E+07 0.8784359913E+00
0.2740000000E+05 0.7426399589E+17 0.4131137466E+07 0.8781792660E+00
0.2745000000E+05 0.7418799996E+17 0.4136090469E+07 0.8779222709E+00
0.2750000000E+05 0.7411599755E+17 0.4142199707E+07 0.8776650069E+00
0.2755000000E+05 0.7404400110E+17 0.4149198532E+07 0.8774074752E+00
0.2760000000E+05 0.7396699786E+17 0.4155479813E+07 0.8771496770E+00
0.2765000000E+05 0.7389499545E+17 0.4160900116E+07 0.8768916133E+00
0.2770000000E+05 0.7382400036E+17 0.4166427994E+07 0.8766332853E+00
0.2775000000E+05 0.7374900579E+17 0.4171873474E+07 0.8763746940E+00
0.2780000000E+05 0.7367799878E+17 0.4177423477E+07 0.8761158406E+00
0.2785000000E+05 0.7360700369E+17 0.4184506226E+07 0.8758567261E+00
0.2790000000E+05 0.7353599668E+17 0.4192493439E+07 0.8755973518E+00
0.2795000000E+05 0.7345899940E+17 0.4198637390E+07 0.8753377187E+00
0.2800000000E+05 0.7338899970E+17 0.4202463913E+07 0.8750778279E+00
0.2805000000E+05 0.7331800461E+17 0.4206387329E+07 0.8748176805E+00
0.2810000000E+05 0.7324799299E+17 0.4212282562E+07 0.8745572777E+00
0.2815000000E+05 0.7317699790E+17 0.4220004654E+07 0.8742966205E+00
0.2820000000E+05 0.7310699821E+17 0.4227910995E+07 0.8740357102E+00
0.2825000000E+05 0.7303299904E+17 0.4234142303E+07 0.8737745477E+00
0.2830000000E+05 0.7296299934E+17 0.4238671875E+07 0.8735131342E+00
0.2835000000E+05 0.7289399505E+17 0.4243173599E+07 0.8732514709E+00
0.2840000000E+05 0.7282399535E+17 0.4248631287E+07 0.8729895589E+00
0.2845000000E+05 0.7275399566E+17 0.4254573441E+07 0.8727273991E+00
0.2850000000E+05 0.7268500328E+17 0.4259999847E+07 0.8724649929E+00
0.2855000000E+05 0.7261500359E+17 0.4264387512E+07 0.8722023413E+00
0.2860000000E+05 0.7254599929E+17 0.4268746948E+07 0.8719394454E+00
0.2865000000E+05 0.7248100042E+17 0.4274884415E+07 0.8716763063E+00
0.2870000000E+05 0.7241199613E+17 0.4282829666E+07 0.8714129252E+00
0.2875000000E+05 0.7234300375E+17 0.4290596771E+07 0.8711493032E+00
0.2880000000E+05 0.7227399945E+17 0.4296343994E+07 0.8708854413E+00
0.2885000000E+05 0.7220499516E+17 0.4299835968E+07 0.8706213408E+00
0.2890000000E+05 0.7213699818E+17 0.4303171921E+07 0.8703570027E+00
0.2895000000E+05 0.7207400203E+17 0.4309146881E+07 0.8700924282E+00
0.2900000000E+05 0.7200499773E+17 0.4317242432E+07 0.8698276183E+00
0.2905000000E+05 0.7193700075E+17 0.4324262619E+07 0.8695625742E+00
0.2910000000E+05 0.7186900377E+17 0.4329475021E+07 0.8692972970E+00
0.2915000000E+05 0.7180400491E+17 0.4334542084E+07 0.8690317878E+00
0.2920000000E+05 0.7173600197E+17 0.4339495468E+07 0.8687660478E+00
0.2925000000E+05 0.7166900039E+17 0.4343721771E+07 0.8685000781E+00
0.2930000000E+05 0.7160599828E+17 0.4348629761E+07 0.8682338797E+00
0.2935000000E+05 0.7153899670E+17 0.4355562592E+07 0.8679674539E+00
0.2940000000E+05 0.7147499919E+17 0.4363271713E+07 0.8677008016E+00
0.2945000000E+05 0.7140700221E+17 0.4369420242E+07 0.8674339241E+00
0.2950000000E+05 0.7134000063E+17 0.4373562622E+07 0.8671668225E+00
0.2955000000E+05 0.7127799988E+17 0.4377106094E+07 0.8668994979E+00
0.2960000000E+05 0.7121099830E+17 0.4381043625E+07 0.8666319513E+00
0.2965000000E+05 0.7114700079E+17 0.4386120224E+07 0.8663641840E+00
0.2970000000E+05 0.7108600140E+17 0.4393170547E+07 0.8660961970E+00
0.2975000000E+05 0.7101899981E+17 0.4400951385E+07 0.8658279914E+00
0.2980000000E+05 0.7095599771E+17 0.4406868744E+07 0.8655595684E+00
0.2985000000E+05 0.7088899612E+17 0.4410917282E+07 0.8652909292E+00
0.2990000000E+05 0.7082800269E+17 0.4415564346E+07 0.8650220747E+00
0.2995000000E+05 0.7076500058E+17 0.4421481323E+07 0.8647530061E+00
0.3000000000E+05 0.7069900036E+17 0.4427309418E+07 0.8644837246E+00
0.3005000000E+05 0.7063800097E+17 0.4433050156E+07 0.8642142312E+00
0.3010000000E+05 0.7057499886E+17 0.4438912201E+07 0.8639445271E+00
0.3015000000E+05 0.7050899863E+17 0.4443346786E+07 0.8636746133E+00
0.3020000000E+05 0.7044799924E+17 0.4446131134E+07 0.8634044911E+00
0.3025000000E+05 0.7038599849E+17 0.4449526596E+07 0.8631341615E+00
0.3030000000E+05 0.7032499909E+17 0.4455344009E+07 0.8628636256E+00
0.3035000000E+05 0.7026300430E+17 0.4463611221E+07 0.8625928846E+00
0.3040000000E+05 0.7020300031E+17 0.4472362137E+07 0.8623219395E+00
0.3045000000E+05 0.7013700008E+17 0.4478557968E+07 0.8620507914E+00
0.3050000000E+05 0.7007499933E+17 0.4481686020E+07 0.8617794416E+00
0.3055000000E+05 0.7001500130E+17 0.4484459305E+07 0.8615078910E+00
0.3060000000E+05 0.6995300055E+17 0.4488824844E+07 0.8612361409E+00
0.3065000000E+05 0.6989299655E+17 0.4494315720E+07 0.8609641922E+00
0.3070000000E+05 0.6983200312E+17 0.4500038910E+07 0.8606920462E+00
0.3075000000E+05 0.6977199912E+17 0.4505748367E+07 0.8604197038E+00
0.3080000000E+05 0.6970999837E+17 0.4511450195E+07 0.8601471664E+00
0.3085000000E+05 0.6965100169E+17 0.4516978455E+07 0.8598744348E+00
0.3090000000E+05 0.6958999634E+17 0.4521559525E+07 0.8596015104E+00
0.3095000000E+05 0.6953000426E+17 0.4524411011E+07 0.8593283940E+00
0.3100000000E+05 0.6946899891E+17 0.4526890945E+07 0.8590550870E+00
0.3105000000E+05 0.6941300035E+17 0.4532089233E+07 0.8587815903E+00
0.3110000000E+05 0.6935300231E+17 0.4540368652E+07 0.8585079050E+00
0.3115000000E+05 0.6929299831E+17 0.4548034286E+07 0.8582340324E+00
0.3120000000E+05 0.6923400164E+17 0.4552221680E+07 0.8579599734E+00
0.3125000000E+05 0.6917300224E+17 0.4554837418E+07 0.8576857292E+00
0.3130000000E+05 0.6911700368E+17 0.4559725189E+07 0.8574113008E+00
0.3135000000E+05 0.6905800104E+17 0.4566695404E+07 0.8571366895E+00
0.3140000000E+05 0.6899800301E+17 0.4572220230E+07 0.8568618962E+00
0.3145000000E+05 0.6893900037E+17 0.4576057816E+07 0.8565869221E+00
0.3150000000E+05 0.6888399720E+17 0.4580782700E+07 0.8563117683E+00
0.3155000000E+05 0.6882299781E+17 0.4586100006E+07 0.8560364358E+00
0.3160000000E+05 0.6876499653E+17 0.4590399933E+07 0.8557609258E+00
0.3165000000E+05 0.6870999932E+17 0.4594239044E+07 0.8554852393E+00
0.3170000000E+05 0.6865000129E+17 0.4598331451E+07 0.8552093775E+00
0.3175000000E+05 0.6859399676E+17 0.4602762604E+07 0.8549333414E+00
0.3180000000E+05 0.6853600144E+17 0.4608185959E+07 0.8546571322E+00
0.3185000000E+05 0.6848099828E+17 0.4614331055E+07 0.8543807508E+00
0.3190000000E+05 0.6842200160E+17 0.4619717407E+07 0.8541041985E+00
0.3195000000E+05 0.6836700439E+17 0.4624351501E+07 0.8538274763E+00
0.3200000000E+05 0.6830899715E+17 0.4629740524E+07 0.8535505852E+00
0.3205000000E+05 0.6825399995E+17 0.4635877991E+07 0.8532735265E+00
0.3210000000E+05 0.6819500327E+17 0.4640948486E+07 0.8529963010E+00
0.3215000000E+05 0.6814000010E+17 0.4644081116E+07 0.8527189100E+00
0.3220000000E+05 0.6808300018E+17 0.4646904755E+07 0.8524413546E+00
0.3225000000E+05 0.6802799702E+17 0.4651834488E+07 0.8521636357E+00
0.3230000000E+05 0.6797400117E+17 0.4658195496E+07 0.8518857545E+00
0.3235000000E+05 0.6791499853E+17 0.4662488937E+07 0.8516077120E+00
0.3240000000E+05 0.6786099672E+17 0.4664618683E+07 0.8513295094E+00
0.3245000000E+05 0.6780599952E+17 0.4668495178E+07 0.8510511477E+00
0.3250000000E+05 0.6775200367E+17 0.4674706268E+07 0.8507726280E+00
0.3255000000E+05 0.6769499779E+17 0.4679609299E+07 0.8504939513E+00
0.3260000000E+05 0.6764100194E+17 0.4682313919E+07 0.8502151188E+00
0.3265000000E+05 0.6758700013E+17 0.4686501694E+07 0.8499361314E+00
0.3270000000E+05 0.6753299832E+17 0.4694693756E+07 0.8496569903E+00
0.3275000000E+05 0.6747900248E+17 0.4703900146E+07 0.8493776965E+00
0.3280000000E+05 0.6742100120E+17 0.4709061050E+07 0.8490982512E+00
0.3285000000E+05 0.6736699939E+17 0.4709932709E+07 0.8488186553E+00
0.3290000000E+05 0.6731399894E+17 0.4710760880E+07 0.8485389099E+00
0.3295000000E+05 0.6725999713E+17 0.4714004898E+07 0.8482590161E+00
0.3300000000E+05 0.6720700264E+17 0.4718765640E+07 0.8479789750E+00
0.3305000000E+05 0.6715300083E+17 0.4723823547E+07 0.8476987876E+00
0.3310000000E+05 0.6710000038E+17 0.4728874969E+07 0.8474184549E+00
0.3315000000E+05 0.6704699993E+17 0.4733923721E+07 0.8471379781E+00
0.3320000000E+05 0.6699299812E+17 0.4738964081E+07 0.8468573581E+00
0.3325000000E+05 0.6693999767E+17 0.4743667221E+07 0.8465765960E+00
0.3330000000E+05 0.6688699722E+17 0.4746741867E+07 0.8462956930E+00
0.3335000000E+05 0.6683399677E+17 0.4747218704E+07 0.8460146499E+00
0.3340000000E+05 0.6678099632E+17 0.4747663879E+07 0.8457334680E+00
0.3345000000E+05 0.6673200130E+17 0.4752590942E+07 0.8454521481E+00
0.3350000000E+05 0.6667900085E+17 0.4762017059E+07 0.8451706915E+00
0.3355000000E+05 0.6662600040E+17 0.4771229553E+07 0.8448890990E+00
0.3360000000E+05 0.6657400131E+17 0.4776776505E+07 0.8446073718E+00
0.3365000000E+05 0.6652100086E+17 0.4778951263E+07 0.8443255109E+00
0.3370000000E+05 0.6646800041E+17 0.4780442047E+07 0.8440435173E+00
0.3375000000E+05 0.6641800404E+17 0.4783311081E+07 0.8437613920E+00
0.3380000000E+05 0.6636599898E+17 0.4786573792E+07 0.8434791362E+00
0.3385000000E+05 0.6631299853E+17 0.4789595413E+07 0.8431967508E+00
0.3390000000E+05 0.6626499891E+17 0.4794390869E+07 0.8429142369E+00
0.3395000000E+05 0.6621299982E+17 0.4800962448E+07 0.8426315955E+00
0.3400000000E+05 0.6616100073E+17 0.4806978226E+07 0.8423488275E+00
0.3405000000E+05 0.6611099839E+17 0.4811757660E+07 0.8420659342E+00
0.3410000000E+05 0.6605899930E+17 0.4815037537E+07 0.8417829164E+00
0.3415000000E+05 0.6600700021E+17 0.4816801453E+07 0.8414997752E+00
0.3420000000E+05 0.6595900059E+17 0.4819332886E+07 0.8412165116E+00
0.3425000000E+05 0.6590700150E+17 0.4823781204E+07 0.8409331266E+00
0.3430000000E+05 0.6585800052E+17 0.4828212357E+07 0.8406496213E+00
0.3435000000E+05 0.6580600142E+17 0.4831943512E+07 0.8403659966E+00
0.3440000000E+05 0.6575799584E+17 0.4836584473E+07 0.8400822537E+00
0.3445000000E+05 0.6570599675E+17 0.4841898346E+07 0.8397983934E+00
0.3450000000E+05 0.6565700173E+17 0.4845326614E+07 0.8395144168E+00
0.3455000000E+05 0.6560599804E+17 0.4846745300E+07 0.8392303249E+00
0.3460000000E+05 0.6555799842E+17 0.4849546814E+07 0.8389461187E+00
0.3465000000E+05 0.6550900340E+17 0.4855273438E+07 0.8386617992E+00
0.3470000000E+05 0.6545799971E+17 0.4861590958E+07 0.8383773674E+00
0.3475000000E+05 0.6541000009E+17 0.4865885925E+07 0.8380928244E+00
0.3480000000E+05 0.6535900235E+17 0.4867411041E+07 0.8378081710E+00
0.3485000000E+05 0.6531000137E+17 0.4868426514E+07 0.8375234084E+00
0.3490000000E+05 0.6526299715E+17 0.4872659302E+07 0.8372385374E+00
0.3495000000E+05 0.6521400213E+17 0.4879032516E+07 0.8369535592E+00
0.3500000000E+05 0.6516299844E+17 0.4882732773E+07 0.8366684746E+00
0.3505000000E+05 0.6511600018E+17 0.4884251404E+07 0.8363832846E+00
0.3510000000E+05 0.6506800056E+17 0.4888679504E+07 0.8360979904E+00
0.3515000000E+05 0.6502099633E+17 0.4896003342E+07 0.8358125927E+00
0.3520000000E+05 0.6496999860E+17 0.4900718689E+07 0.8355270927E+00
0.3525000000E+05 0.6492199898E+17 0.4900992203E+07 0.8352414912E+00
0.3530000000E+05 0.6487500072E+17 0.4900756073E+07 0.8349557893E+00
0.3535000000E+05 0.6482700109E+17 0.4902967453E+07 0.8346699880E+00
0.3540000000E+05 0.6477999687E+17 0.4906888962E+07 0.8343840881E+00
0.3545000000E+05 0.6473199725E+17 0.4911162567E+07 0.8340980908E+00
0.3550000000E+05 0.6468499899E+17 0.4915412521E+07 0.8338119969E+00
0.3555000000E+05 0.6463699937E+17 0.4919640732E+07 0.8335258074E+00
0.3560000000E+05 0.6459000111E+17 0.4923857498E+07 0.8332395233E+00
0.3565000000E+05 0.6454199553E+17 0.4928073502E+07 0.8329531455E+00
0.3570000000E+05 0.6449599862E+17 0.4932279587E+07 0.8326666750E+00
0.3575000000E+05 0.6444799900E+17 0.4936462784E+07 0.8323801128E+00
0.3580000000E+05 0.6440200210E+17 0.4940623474E+07 0.8320934598E+00
0.3585000000E+05 0.6435399652E+17 0.4944775009E+07 0.8318067169E+00
0.3590000000E+05 0.6430799961E+17 0.4948925018E+07 0.8315198852E+00
0.3595000000E+05 0.6425999999E+17 0.4952681351E+07 0.8312329655E+00
0.3600000000E+05 0.6421400309E+17 0.4954594803E+07 0.8309459588E+00
0.3605000000E+05 0.6416599751E+17 0.4953860474E+07 0.8306588661E+00
0.3610000000E+05 0.6412000060E+17 0.4953606415E+07 0.8303716883E+00
0.3615000000E+05 0.6407600045E+17 0.4958300400E+07 0.8300844263E+00
0.3620000000E+05 0.6402899623E+17 0.4966787338E+07 0.8297970810E+00
0.3625000000E+05 0.6398299932E+17 0.4972898483E+07 0.8295096535E+00
0.3630000000E+05 0.6393600106E+17 0.4973721695E+07 0.8292221445E+00
0.3635000000E+05 0.6388999820E+17 0.4973209381E+07 0.8289345552E+00
0.3640000000E+05 0.6384599805E+17 0.4975587845E+07 0.8286468863E+00
0.3645000000E+05 0.6379899979E+17 0.4979520416E+07 0.8283591388E+00
0.3650000000E+05 0.6375399828E+17 0.4983029556E+07 0.8280713137E+00
0.3655000000E+05 0.6370999813E+17 0.4987067032E+07 0.8277834118E+00
0.3660000000E+05 0.6366299987E+17 0.4990951538E+07 0.8274954341E+00
0.3665000000E+05 0.6361799836E+17 0.4993061066E+07 0.8272073815E+00
0.3670000000E+05 0.6357399821E+17 0.4994878387E+07 0.8269192548E+00
0.3675000000E+05 0.6352699995E+17 0.4998717117E+07 0.8266310551E+00
0.3680000000E+05 0.6348400116E+17 0.5004601669E+07 0.8263427832E+00
0.3685000000E+05 0.6343899965E+17 0.5009794998E+07 0.8260544400E+00
0.3690000000E+05 0.6339200139E+17 0.5011532593E+07 0.8257660264E+00
0.3695000000E+05 0.6334899664E+17 0.5011589050E+07 0.8254775434E+00
0.3700000000E+05 0.6330400109E+17 0.5013684464E+07 0.8251889917E+00
0.3705000000E+05 0.6326099634E+17 0.5016848373E+07 0.8249003724E+00
0.3710000000E+05 0.6321399808E+17 0.5017893600E+07 0.8246116863E+00
0.3715000000E+05 0.6317099929E+17 0.5018365860E+07 0.8243229343E+00
0.3720000000E+05 0.6312800050E+17 0.5022330093E+07 0.8240341173E+00
0.3725000000E+05 0.6308299899E+17 0.5029372025E+07 0.8237452361E+00
0.3730000000E+05 0.6304000020E+17 0.5034846878E+07 0.8234562917E+00
0.3735000000E+05 0.6299400330E+17 0.5036209488E+07 0.8231672850E+00
0.3740000000E+05 0.6295099854E+17 0.5036143875E+07 0.8228782167E+00
0.3745000000E+05 0.6290900111E+17 0.5037901306E+07 0.8225890879E+00
0.3750000000E+05 0.6286399961E+17 0.5041484451E+07 0.8222998993E+00
0.3755000000E+05 0.6282100081E+17 0.5046626663E+07 0.8220106518E+00
0.3760000000E+05 0.6277800202E+17 0.5052182388E+07 0.8217213463E+00
0.3765000000E+05 0.6273300052E+17 0.5054265213E+07 0.8214319837E+00
0.3770000000E+05 0.6269000173E+17 0.5053160858E+07 0.8211425649E+00
0.3775000000E+05 0.6264799833E+17 0.5054637527E+07 0.8208530906E+00
0.3780000000E+05 0.6260499954E+17 0.5059560776E+07 0.8205635618E+00
0.3785000000E+05 0.6255999804E+17 0.5062567139E+07 0.8202739793E+00
0.3790000000E+05 0.6251800060E+17 0.5061904526E+07 0.8199843439E+00
0.3795000000E+05 0.6247599721E+17 0.5061206055E+07 0.8196946565E+00
0.3800000000E+05 0.6243300438E+17 0.5063259125E+07 0.8194049180E+00
0.3805000000E+05 0.6239100099E+17 0.5068984604E+07 0.8191151292E+00
0.3810000000E+05 0.6234900355E+17 0.5078562546E+07 0.8188252909E+00
0.3815000000E+05 0.6230700016E+17 0.5088153076E+07 0.8185354040E+00
0.3820000000E+05 0.6226100326E+17 0.5091517258E+07 0.8182454693E+00
0.3825000000E+05 0.6221899986E+17 0.5088628006E+07 0.8179554877E+00
0.3830000000E+05 0.6217700243E+17 0.5085703278E+07 0.8176654599E+00
0.3835000000E+05 0.6213499904E+17 0.5086309433E+07 0.8173753869E+00
0.3840000000E+05 0.6209300160E+17 0.5089122009E+07 0.8170852694E+00
0.3845000000E+05 0.6205099821E+17 0.5092364120E+07 0.8167951082E+00
0.3850000000E+05 0.6200900078E+17 0.5095589066E+07 0.8165049042E+00
0.3855000000E+05 0.6196699739E+17 0.5098340607E+07 0.8162146583E+00
0.3860000000E+05 0.6192499995E+17 0.5098792267E+07 0.8159243711E+00
0.3865000000E+05 0.6188400388E+17 0.5095563889E+07 0.8156340436E+00
0.3870000000E+05 0.6184200048E+17 0.5092306137E+07 0.8153436765E+00
0.3875000000E+05 0.6180300117E+17 0.5095433044E+07 0.8150532707E+00
0.3880000000E+05 0.6176199913E+17 0.5104962540E+07 0.8147628269E+00
0.3885000000E+05 0.6171999574E+17 0.5114186096E+07 0.8144723460E+00
0.3890000000E+05 0.6167799830E+17 0.5118197250E+07 0.8141818287E+00
0.3895000000E+05 0.6163699627E+17 0.5117423630E+07 0.8138912759E+00
0.3900000000E+05 0.6159499884E+17 0.5116160965E+07 0.8136006883E+00
0.3905000000E+05 0.6155599952E+17 0.5118745422E+07 0.8133100668E+00
0.3910000000E+05 0.6151399612E+17 0.5123318863E+07 0.8130194121E+00
0.3915000000E+05 0.6147300005E+17 0.5124126434E+07 0.8127287250E+00
0.3920000000E+05 0.6143099666E+17 0.5122424698E+07 0.8124380063E+00
0.3925000000E+05 0.6139299870E+17 0.5125411987E+07 0.8121472568E+00
0.3930000000E+05 0.6135200262E+17 0.5133086014E+07 0.8118564773E+00
0.3935000000E+05 0.6130999923E+17 0.5138217163E+07 0.8115656685E+00
0.3940000000E+05 0.6126900315E+17 0.5139079666E+07 0.8112748312E+00
0.3945000000E+05 0.6122999787E+17 0.5139615250E+07 0.8109839662E+00
0.3950000000E+05 0.6118900180E+17 0.5139966965E+07 0.8106930742E+00
0.3955000000E+05 0.6114799976E+17 0.5138700104E+07 0.8104021561E+00
0.3960000000E+05 0.6110900044E+17 0.5138518906E+07 0.8101112125E+00
0.3965000000E+05 0.6106799841E+17 0.5141017151E+07 0.8098202442E+00
0.3970000000E+05 0.6102899909E+17 0.5143484497E+07 0.8095292521E+00
0.3975000000E+05 0.6098799706E+17 0.5144971848E+07 0.8092382368E+00
0.3980000000E+05 0.6094999909E+17 0.5147739410E+07 0.8089471991E+00
0.3985000000E+05 0.6090900302E+17 0.5151790619E+07 0.8086561397E+00
0.3990000000E+05 0.6086999774E+17 0.5154540634E+07 0.8083650595E+00
0.3995000000E+05 0.6082999706E+17 0.5155981064E+07 0.8080739590E+00
0.4000000000E+05 0.6079199910E+17 0.5158704758E+07 0.8077828392E+00
0.4005000000E+05 0.6075099707E+17 0.5162711334E+07 0.8074917006E+00
0.4010000000E+05 0.6071199775E+17 0.5165387726E+07 0.8072005441E+00
0.4015000000E+05 0.6067100167E+17 0.5166239166E+07 0.8069093704E+00
0.4020000000E+05 0.6063399911E+17 0.5166410828E+07 0.8066181802E+00
0.4025000000E+05 0.6059299707E+17 0.5166072083E+07 0.8063269743E+00
0.4030000000E+05 0.6055400372E+17 0.5166542053E+07 0.8060357533E+00
0.4035000000E+05 0.6051700115E+17 0.5169132614E+07 0.8057445180E+00
0.4040000000E+05 0.6047599912E+17 0.5171863937E+07 0.8054532691E+00
0.4045000000E+05 0.6043799520E+17 0.5173929977E+07 0.8051620073E+00
0.4050000000E+05 0.6040000319E+17 0.5176814651E+07 0.8048707334E+00
0.4055000000E+05 0.6035900116E+17 0.5179497147E+07 0.8045794480E+00
0.4060000000E+05 0.6032099724E+17 0.5181497192E+07 0.8042881519E+00
0.4065000000E+05 0.6028400064E+17 0.5183996964E+07 0.8039968457E+00
0.4070000000E+05 0.6024299860E+17 0.5184454727E+07 0.8037055302E+00
0.4075000000E+05 0.6020500064E+17 0.5181169128E+07 0.8034142060E+00
0.4080000000E+05 0.6016699672E+17 0.5179541016E+07 0.8031228740E+00
0.4085000000E+05 0.6012899876E+17 0.5184667206E+07 0.8028315346E+00
0.4090000000E+05 0.6009200215E+17 0.5192845535E+07 0.8025401887E+00
0.4095000000E+05 0.6005100012E+17 0.5196094131E+07 0.8022488370E+00
0.4100000000E+05 0.6001299620E+17 0.5192861176E+07 0.8019574801E+00
0.4105000000E+05 0.5997599959E+17 0.5188915634E+07 0.8016661186E+00
0.4110000000E+05 0.5993800163E+17 0.5188684464E+07 0.8013747534E+00
0.4115000000E+05 0.5990099907E+17 0.5192704391E+07 0.8010833850E+00
0.4120000000E+05 0.5986199975E+17 0.5200678253E+07 0.8007920142E+00
0.4125000000E+05 0.5982499719E+17 0.5209356308E+07 0.8005006416E+00
0.4130000000E+05 0.5978500247E+17 0.5212518692E+07 0.8002092679E+00
0.4135000000E+05 0.5974699855E+17 0.5209096527E+07 0.7999178937E+00
0.4140000000E+05 0.5971000195E+17 0.5204945374E+07 0.7996265197E+00
0.4145000000E+05 0.5967199802E+17 0.5204226685E+07 0.7993351467E+00
0.4150000000E+05 0.5963499546E+17 0.5205923462E+07 0.7990437751E+00
0.4155000000E+05 0.5959700346E+17 0.5207603073E+07 0.7987524058E+00
0.4160000000E+05 0.5956000090E+17 0.5206798553E+07 0.7984610393E+00
0.4165000000E+05 0.5952299833E+17 0.5202445221E+07 0.7981696763E+00
0.4170000000E+05 0.5948600173E+17 0.5198760986E+07 0.7978783175E+00
0.4175000000E+05 0.5945100188E+17 0.5201737595E+07 0.7975869634E+00
0.4180000000E+05 0.5941299796E+17 0.5210343552E+07 0.7972956148E+00
0.4185000000E+05 0.5937600136E+17 0.5218254471E+07 0.7970042723E+00
0.4190000000E+05 0.5933800340E+17 0.5222645187E+07 0.7967129364E+00
0.4195000000E+05 0.5930200219E+17 0.5224731445E+07 0.7964216080E+00
0.4200000000E+05 0.5926399827E+17 0.5224478149E+07 0.7961302875E+00
0.4205000000E+05 0.5922700167E+17 0.5220620346E+07 0.7958389756E+00
0.4210000000E+05 0.5918999910E+17 0.5216020203E+07 0.7955476730E+00
0.4215000000E+05 0.5915499926E+17 0.5217129898E+07 0.7952563803E+00
0.4220000000E+05 0.5911800265E+17 0.5224670029E+07 0.7949650980E+00
0.4225000000E+05 0.5908100009E+17 0.5230931091E+07 0.7946738268E+00
0.4230000000E+05 0.5904400349E+17 0.5229982758E+07 0.7943825674E+00
0.4235000000E+05 0.5900700092E+17 0.5225416565E+07 0.7940913203E+00
0.4240000000E+05 0.5897200108E+17 0.5224077606E+07 0.7938000861E+00
0.4245000000E+05 0.5893499851E+17 0.5225968552E+07 0.7935088655E+00
0.4250000000E+05 0.5889799595E+17 0.5227490616E+07 0.7932176591E+00
0.4255000000E+05 0.5886300206E+17 0.5229190826E+07 0.7929264674E+00
0.4260000000E+05 0.5882700086E+17 0.5231581497E+07 0.7926352911E+00
0.4265000000E+05 0.5879000425E+17 0.5233023453E+07 0.7923441308E+00
0.4270000000E+05 0.5875499845E+17 0.5234645462E+07 0.7920529870E+00
0.4275000000E+05 0.5871900320E+17 0.5236996841E+07 0.7917618604E+00
0.4280000000E+05 0.5868099928E+17 0.5238424683E+07 0.7914707515E+00
0.4285000000E+05 0.5864700079E+17 0.5240041733E+07 0.7911796610E+00
0.4290000000E+05 0.5861099958E+17 0.5241829681E+07 0.7908885893E+00
0.4295000000E+05 0.5857399702E+17 0.5240438843E+07 0.7905975372E+00
0.4300000000E+05 0.5853899717E+17 0.5237163925E+07 0.7903065051E+00
0.4305000000E+05 0.5850300193E+17 0.5237014008E+07 0.7900154937E+00
0.4310000000E+05 0.5846899748E+17 0.5239807892E+07 0.7897245035E+00
0.4315000000E+05 0.5843200088E+17 0.5241467285E+07 0.7894335351E+00
0.4320000000E+05 0.5839700103E+17 0.5241631317E+07 0.7891425891E+00
0.4325000000E+05 0.5836099982E+17 0.5243278122E+07 0.7888516660E+00
0.4330000000E+05 0.5832700133E+17 0.5246397018E+07 0.7885607664E+00
0.4335000000E+05 0.5828999877E+17 0.5247436142E+07 0.7882698909E+00
0.4340000000E+05 0.5825600028E+17 0.5244714355E+07 0.7879790400E+00
0.4345000000E+05 0.5821999907E+17 0.5241417694E+07 0.7876882142E+00
0.4350000000E+05 0.5818499923E+17 0.5242617798E+07 0.7873974142E+00
0.4355000000E+05 0.5815100074E+17 0.5248511124E+07 0.7871066405E+00
0.4360000000E+05 0.5811399817E+17 0.5253075409E+07 0.7868158936E+00
0.4365000000E+05 0.5807999969E+17 0.5252140808E+07 0.7865251741E+00
0.4370000000E+05 0.5804499984E+17 0.5249094009E+07 0.7862344824E+00
0.4375000000E+05 0.5800999999E+17 0.5249826431E+07 0.7859438193E+00
0.4380000000E+05 0.5797599554E+17 0.5253787231E+07 0.7856531851E+00
0.4385000000E+05 0.5794000030E+17 0.5255254364E+07 0.7853625805E+00
0.4390000000E+05 0.5790600181E+17 0.5253643417E+07 0.7850720059E+00
0.4395000000E+05 0.5787199736E+17 0.5252389145E+07 0.7847814619E+00
0.4400000000E+05 0.5783600211E+17 0.5250912476E+07 0.7844909491E+00
0.4405000000E+05 0.5780199766E+17 0.5249801254E+07 0.7842004678E+00
0.4410000000E+05 0.5776799917E+17 0.5253880692E+07 0.7839100188E+00
0.4415000000E+05 0.5773400068E+17 0.5261040497E+07 0.7836196024E+00
0.4420000000E+05 0.5769799948E+17 0.5262009048E+07 0.7833292193E+00
0.4425000000E+05 0.5766400099E+17 0.5255605698E+07 0.7830388699E+00
0.4430000000E+05 0.5763000250E+17 0.5251113892E+07 0.7827485547E+00
0.4435000000E+05 0.5759600401E+17 0.5254368591E+07 0.7824582743E+00
0.4440000000E+05 0.5756199956E+17 0.5260529327E+07 0.7821680291E+00
0.4445000000E+05 0.5752699971E+17 0.5261801529E+07 0.7818778196E+00
0.4450000000E+05 0.5749300122E+17 0.5257583237E+07 0.7815876465E+00
0.4455000000E+05 0.5745900273E+17 0.5253340912E+07 0.7812975101E+00
0.4460000000E+05 0.5742599964E+17 0.5252214050E+07 0.7810074109E+00
0.4465000000E+05 0.5739200115E+17 0.5253029633E+07 0.7807173496E+00
0.4470000000E+05 0.5735800266E+17 0.5254212189E+07 0.7804273264E+00
0.4475000000E+05 0.5732499957E+17 0.5255968857E+07 0.7801373420E+00
0.4480000000E+05 0.5729100108E+17 0.5260694122E+07 0.7798473969E+00
0.4485000000E+05 0.5725699663E+17 0.5270188141E+07 0.7795574914E+00
0.4490000000E+05 0.5722399950E+17 0.5279693604E+07 0.7792676262E+00
0.4495000000E+05 0.5718799829E+17 0.5280865479E+07 0.7789778016E+00
0.4500000000E+05 0.5715399981E+17 0.5273679733E+07 0.7786880182E+00
0.4505000000E+05 0.5712099671E+17 0.5265862656E+07 0.7783982764E+00
0.4510000000E+05 0.5708699822E+17 0.5259781265E+07 0.7781085767E+00
0.4515000000E+05 0.5705400109E+17 0.5251844406E+07 0.7778189196E+00
0.4520000000E+05 0.5701999664E+17 0.5244464111E+07 0.7775293055E+00
0.4525000000E+05 0.5698900223E+17 0.5245467377E+07 0.7772397349E+00
0.4530000000E+05 0.5695599914E+17 0.5254878616E+07 0.7769502084E+00
0.4535000000E+05 0.5692200065E+17 0.5264301682E+07 0.7766607262E+00
0.4540000000E+05 0.5688899755E+17 0.5268932724E+07 0.7763712890E+00
0.4545000000E+05 0.5685600042E+17 0.5270564270E+07 0.7760818971E+00
0.4550000000E+05 0.5682200193E+17 0.5271578217E+07 0.7757925510E+00
0.4555000000E+05 0.5678899884E+17 0.5272156143E+07 0.7755032512E+00
0.4560000000E+05 0.5675600171E+17 0.5270678329E+07 0.7752139980E+00
0.4565000000E+05 0.5672200322E+17 0.5265932465E+07 0.7749247921E+00
0.4570000000E+05 0.5668900013E+17 0.5261169815E+07 0.7746356337E+00
0.4575000000E+05 0.5665799975E+17 0.5262080765E+07 0.7743465234E+00
0.4580000000E+05 0.5662400126E+17 0.5268063736E+07 0.7740574615E+00
0.4585000000E+05 0.5659099817E+17 0.5270977783E+07 0.7737684486E+00
0.4590000000E+05 0.5655800104E+17 0.5265707397E+07 0.7734794851E+00
0.4595000000E+05 0.5652499795E+17 0.5258362579E+07 0.7731905713E+00
0.4600000000E+05 0.5649399757E+17 0.5258773422E+07 0.7729017077E+00
0.4605000000E+05 0.5646100044E+17 0.5265735626E+07 0.7726128948E+00
0.4610000000E+05 0.5642800331E+17 0.5269409180E+07 0.7723241330E+00
0.4615000000E+05 0.5639500022E+17 0.5267523575E+07 0.7720354227E+00
0.4620000000E+05 0.5636399984E+17 0.5265207672E+07 0.7717467643E+00
0.4625000000E+05 0.5633100271E+17 0.5263076782E+07 0.7714581582E+00
0.4630000000E+05 0.5629799962E+17 0.5260520554E+07 0.7711696049E+00
0.4635000000E+05 0.5626699924E+17 0.5261265945E+07 0.7708811048E+00
0.4640000000E+05 0.5623399615E+17 0.5265312195E+07 0.7705926582E+00
0.4645000000E+05 0.5620099902E+17 0.5268317032E+07 0.7703042657E+00
0.4650000000E+05 0.5616999865E+17 0.5269032669E+07 0.7700159275E+00
0.4655000000E+05 0.5613700151E+17 0.5267015839E+07 0.7697276442E+00
0.4660000000E+05 0.5610399842E+17 0.5262250519E+07 0.7694394161E+00
0.4665000000E+05 0.5607300401E+17 0.5258920670E+07 0.7691512436E+00
0.4670000000E+05 0.5604100227E+17 0.5259128189E+07 0.7688631271E+00
0.4675000000E+05 0.5600900054E+17 0.5259740448E+07 0.7685750670E+00
0.4680000000E+05 0.5597699881E+17 0.5260770035E+07 0.7682870637E+00
0.4685000000E+05 0.5594599843E+17 0.5265379715E+07 0.7679991177E+00
0.4690000000E+05 0.5591300130E+17 0.5270838928E+07 0.7677112292E+00
0.4695000000E+05 0.5588099957E+17 0.5271027756E+07 0.7674233987E+00
0.4700000000E+05 0.5584999919E+17 0.5266125107E+07 0.7671356265E+00
0.4705000000E+05 0.5581700206E+17 0.5261175156E+07 0.7668479131E+00
0.4710000000E+05 0.5578699708E+17 0.5257878113E+07 0.7665602589E+00
0.4715000000E+05 0.5575399995E+17 0.5254554749E+07 0.7662726641E+00
0.4720000000E+05 0.5572299957E+17 0.5252909470E+07 0.7659851293E+00
0.4725000000E+05 0.5569300056E+17 0.5256573486E+07 0.7656976547E+00
0.4730000000E+05 0.5566000342E+17 0.5262809753E+07 0.7654102407E+00
0.4735000000E+05 0.5562900305E+17 0.5265439224E+07 0.7651228877E+00
0.4740000000E+05 0.5559700131E+17 0.5264003372E+07 0.7648355962E+00
0.4745000000E+05 0.5556600094E+17 0.5261249924E+07 0.7645483663E+00
0.4750000000E+05 0.5553399920E+17 0.5257818604E+07 0.7642611986E+00
0.4755000000E+05 0.5550299883E+17 0.5255435944E+07 0.7639740933E+00
0.4760000000E+05 0.5547299981E+17 0.5255828476E+07 0.7636870509E+00
0.4765000000E+05 0.5544000268E+17 0.5256430054E+07 0.7634000716E+00
0.4770000000E+05 0.5540900230E+17 0.5256172180E+07 0.7631131559E+00
0.4775000000E+05 0.5537899733E+17 0.5256974792E+07 0.7628263041E+00
0.4780000000E+05 0.5534700155E+17 0.5257540512E+07 0.7625395166E+00
0.4785000000E+05 0.5531600118E+17 0.5257250214E+07 0.7622527936E+00
0.4790000000E+05 0.5528600216E+17 0.5258049774E+07 0.7619661356E+00
0.4795000000E+05 0.5525400043E+17 0.5258609390E+07 0.7616795429E+00
0.4800000000E+05 0.5522300005E+17 0.5258268356E+07 0.7613930158E+00
0.4805000000E+05 0.5519300103E+17 0.5258559036E+07 0.7611065548E+00
0.4810000000E+05 0.5516099930E+17 0.5256226349E+07 0.7608201600E+00
0.4815000000E+05 0.5512999892E+17 0.5249085999E+07 0.7605338319E+00
0.4820000000E+05 0.5509999990E+17 0.5244101334E+07 0.7602475708E+00
0.4825000000E+05 0.5506899953E+17 0.5247838593E+07 0.7599613770E+00
0.4830000000E+05 0.5503900051E+17 0.5255515289E+07 0.7596752508E+00
0.4835000000E+05 0.5500699878E+17 0.5256830978E+07 0.7593891927E+00
0.4840000000E+05 0.5497599840E+17 0.5250228882E+07 0.7591032029E+00
0.4845000000E+05 0.5494700074E+17 0.5245156097E+07 0.7588172817E+00
0.4850000000E+05 0.5491600037E+17 0.5248874664E+07 0.7585314295E+00
0.4855000000E+05 0.5488600135E+17 0.5256539154E+07 0.7582456465E+00
0.4860000000E+05 0.5485399961E+17 0.5257791901E+07 0.7579599332E+00
0.4865000000E+05 0.5482400060E+17 0.5250658417E+07 0.7576742898E+00
0.4870000000E+05 0.5479400158E+17 0.5242637634E+07 0.7573887167E+00
0.4875000000E+05 0.5476300120E+17 0.5239014053E+07 0.7571032141E+00
0.4880000000E+05 0.5473300219E+17 0.5238443756E+07 0.7568177823E+00
0.4885000000E+05 0.5470300317E+17 0.5238498306E+07 0.7565324218E+00
0.4890000000E+05 0.5467299819E+17 0.5238545227E+07 0.7562471327E+00
0.4895000000E+05 0.5464299917E+17 0.5238610840E+07 0.7559619155E+00
0.4900000000E+05 0.5461300015E+17 0.5238689423E+07 0.7556767703E+00
0.4905000000E+05 0.5458300114E+17 0.5238753510E+07 0.7553916975E+00
0.4910000000E+05 0.5455300212E+17 0.5238787460E+07 0.7551066974E+00
0.4915000000E+05 0.5452299714E+17 0.5238798523E+07 0.7548217704E+00
0.4920000000E+05 0.5449299812E+17 0.5238801575E+07 0.7545369166E+00
0.4925000000E+05 0.5446299911E+17 0.5238810730E+07 0.7542521364E+00
0.4930000000E+05 0.5443300009E+17 0.5238832474E+07 0.7539674301E+00
0.4935000000E+05 0.5440300107E+17 0.5238852692E+07 0.7536827980E+00
0.4940000000E+05 0.5437300205E+17 0.5238842010E+07 0.7533982403E+00
0.4945000000E+05 0.5434300303E+17 0.5238787460E+07 0.7531137574E+00
0.4950000000E+05 0.5431300402E+17 0.5238711166E+07 0.7528293495E+00
0.4955000000E+05 0.5428299904E+17 0.5238645554E+07 0.7525450170E+00
0.4960000000E+05 0.5425400138E+17 0.5238598633E+07 0.7522607600E+00
0.4965000000E+05 0.5422300100E+17 0.5238545227E+07 0.7519765790E+00
0.4970000000E+05 0.5419400334E+17 0.5238464355E+07 0.7516924741E+00
0.4975000000E+05 0.5416399837E+17 0.5238365555E+07 0.7514084456E+00
0.4980000000E+05 0.5413399935E+17 0.5237810898E+07 0.7511244939E+00
0.4985000000E+05 0.5410400033E+17 0.5234743881E+07 0.7508406192E+00
0.4990000000E+05 0.5407500267E+17 0.5227105331E+07 0.7505568217E+00
0.4995000000E+05 0.5404499769E+17 0.5218539429E+07 0.7502731017E+00
0.5000000000E+05 0.5401700139E+17 0.5217247009E+07 0.7499894595E+00
0.5005000000E+05 0.5398700237E+17 0.5224137497E+07 0.7497058954E+00
0.5010000000E+05 0.5395699739E+17 0.5228955078E+07 0.7494224097E+00
0.5015000000E+05 0.5392799973E+17 0.5220966339E+07 0.7491390025E+00
0.5020000000E+05 0.5389800072E+17 0.5197398376E+07 0.7488556741E+00
0.5025000000E+05 0.5386999846E+17 0.5163499832E+07 0.7485724249E+00
